OTUID	RTP11	RTP6	RTP16	RTP10	RTP13	RTP1	RTP8	RTP12	RTP5	RTP3	BulkTP2	BulkTP1	RTP7	BulkRAG4	RAG10	RAG4	RAG14	RAG1	RAG15	RAG9	RAG7	RAG3	RTP2	BulkTP4	BulkRAG3	RAG12	BulkRAG1	RAG13	BulkTP3	BulkRAG2	RAG8	RAG2	RTP9	RAG6	RAG5	RTP14	RTP15	RTP4	RAG16	RAG11
k__Archaea;p__Crenarchaeota;c__MBGA	3.32546307073e-05	0.0	5.3711462026e-05	3.1076167687e-05	0.0	3.19672655201e-05	0.0	0.0	0.0	0.0	0.0	3.15238635647e-05	0.0	0.0	0.0	0.0	0.0	3.26477309827e-05	0.0	0.0	0.0	3.60893572485e-05	0.0	5.4860653939e-05	6.07459603936e-05	0.0	0.0	0.0	0.0	0.0	0.0	0.0	3.15487270089e-05	0.0	0.0	3.28234753496e-05	0.0	0.0	0.0	0.0
k__Archaea;p__Crenarchaeota;c__MCG	0.0	0.0	0.0	0.0	0.0	0.0	0.0	0.0	0.0	0.0	0.0	0.0	0.0	0.0	0.0	0.0	0.0	0.0	0.0	0.0	0.0	0.0	0.0	0.0	0.0	0.0	0.0	0.0	0.0	0.0	0.0	0.0	3.15487270089e-05	0.0	0.0	6.56469506991e-05	0.0	0.0	0.0	0.0
k__Archaea;p__Crenarchaeota;c__Thaumarchaeota	0.000897875029098	0.0013592812386	0.000859383392416	0.00226856024115	0.00153093386966	0.00150246147945	0.000325168003468	0.00131182586726	0.00133218863791	0.001908464393	0.00154862362125	0.00129247840615	0.00161800397146	0.00556906424033	0.0139609587349	0.00530973451327	0.0138674884438	0.00470127326151	0.00796471020708	0.00348108609886	0.00481520591341	0.00487206322855	0.000922645408916	0.00142637700241	0.00540639047503	0.0121038270482	0.00310467179184	0.00247843759294	0.0015533833447	0.00603420897418	0.000813704496788	0.00503802899304	0.00154588762343	0.000419373260047	0.00524337158686	0.00147705639073	0.00157167427792	0.00189582444666	0.000904431715405	0.00262960180316
k__Archaea;p__Euryarchaeota;c__Methanobacteria	0.0	0.0	0.0	0.0	0.0	0.0	0.0	4.8586143232e-05	2.96041919536e-05	3.53419332037e-05	0.0	9.45715906942e-05	0.0	0.0	0.0	0.0	0.0	0.0	0.0	0.0	0.0	0.0	0.0	0.0	0.0	0.0	0.0	0.0	0.0	0.0	0.0	0.0	3.15487270089e-05	0.0	0.0	0.0	0.0	0.0	0.0	0.0
k__Archaea;p__Euryarchaeota;c__Methanomicrobia	0.0	0.0	0.0	3.1076167687e-05	3.00183111698e-05	3.19672655201e-05	0.0	4.8586143232e-05	2.96041919536e-05	0.0	3.1604563699e-05	3.15238635647e-05	0.0	0.0	0.0	0.0	0.0	0.0	0.0	0.0	0.0	0.0	0.0	0.0	0.0	0.0	0.0	0.0	7.57747973024e-05	0.0	0.0	0.0	6.30974540177e-05	0.0	0.0	9.84704260487e-05	5.93084633177e-05	0.0	0.0	0.0
k__Archaea;p__Euryarchaeota;c__Thermoplasmata	3.32546307073e-05	0.0	0.0	0.0	0.0	3.19672655201e-05	0.0	4.8586143232e-05	0.0	3.53419332037e-05	0.0	9.45715906942e-05	0.0	0.0	0.0	0.0	0.0	0.0	0.0	0.0	0.0	0.0	7.38116327133e-05	5.4860653939e-05	0.0	0.0	0.0	0.0	0.0	0.0	0.0	0.0	6.30974540177e-05	0.0	0.0	0.0	5.93084633177e-05	0.0	0.0	0.0
k__Bacteria;p__;c__	0.0	0.0	0.0	0.0	0.0	0.0	0.0	0.0	0.0	0.0	0.0	0.0	0.0	0.0	0.0	0.0	0.0	0.0	0.0	0.0	0.0	0.0	0.0	0.0	0.0	0.0	0.0	0.0	3.78873986512e-05	0.0	0.0	0.0	0.0	0.0	0.0	0.0	0.0	0.0	0.0	0.0
k__Bacteria;p__AD3;c__ABS-6	0.00176249542749	0.00265225607532	0.00166505532281	0.00245501724727	0.00252153813826	0.00195000319673	0.00151745068285	0.00174910115635	0.00201308505284	0.00233256759145	0.00192787838564	0.00185990795032	0.00268441567993	0.00298062593145	0.0028004283008	0.00329847144006	0.00378204230284	0.00251387528567	0.00539149614018	0.000928289626363	0.00671594508976	0.00281496986539	0.0022143489814	0.00301733596664	0.00364475762362	0.00188903659134	0.0051744529864	0.00232973133736	0.00212169432447	0.00476384919015	0.000749464668094	0.00224273548723	0.00233460579866	0.000133842529802	0.00380886426593	0.0035121118624	0.00293576893423	0.00170624200199	0.00301477238468	0.00187828700225
k__Bacteria;p__AD3;c__JG37-AG-4	0.0	0.0	0.0	0.0	0.0	3.19672655201e-05	0.0	0.0	0.0	0.0	0.0	0.0	0.0	0.00047062514707	0.000329462153035	0.000321802091714	0.000606994443666	0.000195886385896	0.000919005023894	0.000348108609886	0.000506863780359	0.000288714857988	0.0	5.4860653939e-05	0.000242983841575	0.000349821590989	0.000591366055588	0.000247843759294	0.0	0.000499069915158	0.00017130620985	0.000325034128584	3.15487270089e-05	3.56913412806e-05	0.000346260387812	0.0	0.0	0.0	0.000602954476937	0.0
k__Bacteria;p__Acidobacteria;c__	3.32546307073e-05	9.94596028247e-05	5.3711462026e-05	0.0	6.00366223396e-05	3.19672655201e-05	0.0	0.000145758429696	0.0	0.000106025799611	0.000126418254796	0.000283714772082	3.67728175333e-05	0.0	0.0	8.04505229284e-05	0.0	6.52954619654e-05	0.0	0.0	0.0	0.0	3.69058163567e-05	0.000219442615756	0.0	0.0	0.0	0.0	0.000113662195954	9.07399845742e-05	0.0	0.0	6.30974540177e-05	0.0	9.89315393748e-05	3.28234753496e-05	2.96542316589e-05	4.73956111664e-05	0.0	0.0
k__Bacteria;p__Acidobacteria;c__Acidobacteria-5	0.0086129493532	0.0086198322448	0.00676764421528	0.00926069797073	0.00912556659562	0.00770411099035	0.00476913071754	0.00762802448742	0.0078451108677	0.00805796077045	0.0137795897728	0.0130508795158	0.00768551886446	0.00313750098047	0.000988386459106	0.00144810941271	0.00168090769015	0.00173032974208	0.000796471020708	0.000464144813182	0.00198521647307	0.00162402107618	0.00837762031296	0.0105881062102	0.00182237881181	0.000839571818373	0.000813128326434	0.00148706255576	0.0108736834129	0.00226849961436	0.000214132762313	0.00175518429435	0.00883364356248	5.35370119209e-05	0.00153343886031	0.00873104444299	0.00696874443983	0.00725152850846	0.000904431715405	0.000375657400451
k__Bacteria;p__Acidobacteria;c__Acidobacteria-6	0.0292308203917	0.0248317475052	0.0239016006016	0.0284346934336	0.0277069012097	0.0234000383607	0.0266637762844	0.022203867457	0.0251043547766	0.0232903339813	0.0274327612907	0.0267007124393	0.0261822460837	0.00556906424033	0.0102545095132	0.0113435237329	0.011252743148	0.0108063989553	0.0126210023281	0.0119517289394	0.010348468849	0.00916669674113	0.0267936226749	0.0221637041914	0.00510266067307	0.00762611068355	0.00620934358368	0.0128878754833	0.0265590664545	0.0066693888662	0.00152034261242	0.00965351361893	0.0259330536013	0.000517524448569	0.0101404827859	0.0264557211318	0.0206986536979	0.0221337504147	0.00663249924631	0.00638617580766
k__Bacteria;p__Acidobacteria;c__Acidobacteriia	0.0154966579096	0.0177038093028	0.018637877323	0.0173405015693	0.0171104373668	0.0152164183876	0.020160416215	0.0159362549801	0.0161046804227	0.0176002827355	0.0214278941879	0.018031649959	0.0189012282121	0.135932229979	0.110040359114	0.111222847949	0.10599056824	0.116193274567	0.121186129151	0.11336737062	0.141330517423	0.121512865856	0.0149468556244	0.0178297125302	0.11110436156	0.135730777304	0.130913660556	0.112174085457	0.0181480639539	0.113152760764	0.0224411134904	0.107196255607	0.0163422405906	0.00838746520094	0.127127028097	0.0190047922274	0.0166953324239	0.0164462770747	0.14953271028	0.12471825695
k__Bacteria;p__Acidobacteria;c__BPC102	0.000199527784244	0.000132612803766	0.000161134386078	0.000124304670748	0.000240146489359	0.000287705389681	0.0	9.71722864639e-05	8.88125758607e-05	0.000176709666019	0.000474068455485	0.000283714772082	0.0002206369052	0.0	0.0	0.0	0.0	0.0	6.12670015929e-05	0.0	0.0	0.0	0.00022143489814	0.000164581961817	0.0	0.0	0.0	0.0	0.000681973175722	0.0	0.0	0.0	0.000252389816071	0.0	0.0	0.000229764327447	0.000296542316589	0.000236978055832	0.0	0.0
k__Bacteria;p__Acidobacteria;c__DA052	0.000731601875561	0.00129297483672	0.000966806316468	0.00111874203673	0.00147089724732	0.000959017965603	0.000758725341426	0.000874550578175	0.000976938334468	0.00151970312776	0.00139060080276	0.00151314545111	0.000845774803265	0.00415718879912	0.00284161106993	0.00353982300885	0.00275482093664	0.00388507998694	0.00324715108443	0.00150847064284	0.0049419218585	0.00292323793713	0.000811927959846	0.00148123765635	0.00370550358401	0.00209892954593	0.00384387936132	0.00218102508179	0.00106084716223	0.00381107935212	0.000449678800857	0.00266527985438	0.00123040035335	0.000214148047684	0.00356153541749	0.00144423291538	0.00106755233972	0.000853121000995	0.00361772686162	0.000375657400451
k__Bacteria;p__Acidobacteria;c__EC1113	0.0	0.0	0.0	0.0	0.0	0.0	0.0	0.0	2.96041919536e-05	0.0	0.0	0.0	0.0	7.84375245117e-05	4.11827691294e-05	0.0	0.000140075640846	6.52954619654e-05	6.12670015929e-05	0.000232072406591	0.0	3.60893572485e-05	0.0	0.0	0.000182237881181	0.0	0.0	4.95687518588e-05	0.0	0.000136109976861	0.0	0.000130013651433	3.15487270089e-05	0.0	0.0	0.0	0.0	0.0	0.0	0.000375657400451
k__Bacteria;p__Acidobacteria;c__GAL08	0.0	0.0	0.0	0.0	0.0	0.0	0.0	0.0	0.0	0.0	0.0	0.0	0.0	0.0	0.0	0.0	0.0	0.0	0.0	0.0	0.0	0.0	3.69058163567e-05	0.0	0.0	0.0	0.0	0.0	0.0	0.0	0.0	0.0	0.0	0.0	0.0	0.0	0.0	0.0	0.0	0.0
k__Bacteria;p__Acidobacteria;c__PAUC37f	0.000266037045659	3.31532009416e-05	0.000161134386078	0.000217533173809	0.000330201422868	0.000287705389681	0.0	0.000145758429696	0.000118416767814	0.000141367732815	0.000442463891786	0.000662001134859	0.0003309553578	7.84375245117e-05	0.0	0.0	4.6691880282e-05	0.0	0.0	0.0	0.00012671594509	0.0	0.000184529081783	0.000109721307878	0.0	0.0	0.0	0.0	0.000378873986512	4.53699922871e-05	0.0	3.25034128584e-05	0.00028393854308	0.0	0.0	0.000196940852097	8.89626949766e-05	0.000142186833499	0.0	0.0
k__Bacteria;p__Acidobacteria;c__RB25	0.000133018522829	3.31532009416e-05	0.0	0.0	0.0	3.19672655201e-05	0.0	4.8586143232e-05	2.96041919536e-05	3.53419332037e-05	6.3209127398e-05	6.30477271294e-05	3.67728175333e-05	0.0	0.0	0.0	0.0	0.0	0.0	0.0	0.0	0.0	3.69058163567e-05	0.0	0.0	0.0	0.0	0.0	0.0	0.0	0.0	0.0	0.0	0.0	0.0	0.000131293901398	5.93084633177e-05	0.0	0.0	0.0
k__Bacteria;p__Acidobacteria;c__S035	0.00229456951881	0.00152504724331	0.00161134386078	0.00177134155816	0.00177108035902	0.00233361038297	0.0031432907002	0.00233213487513	0.00254596050801	0.00173175472698	0.00189627382194	0.00220667044953	0.00224314186953	0.000156875049023	4.11827691294e-05	4.02252614642e-05	0.000140075640846	6.52954619654e-05	0.0	0.0	0.00012671594509	3.60893572485e-05	0.00143932683791	0.00170068027211	0.0	0.0	0.0	4.95687518588e-05	0.0017049329393	0.0	0.0	3.25034128584e-05	0.00252389816071	8.92283532015e-06	4.94657696874e-05	0.00193658504562	0.00145305735128	0.00180103322432	0.0	0.0
k__Bacteria;p__Acidobacteria;c__Solibacteres	0.0101759169964	0.013592812386	0.0125684821141	0.0107523540197	0.0131480202924	0.0100057541078	0.015282896163	0.0120493635215	0.0106575091033	0.0118042056901	0.0129894756803	0.0137759283778	0.013311759947	0.070358459487	0.0717403838234	0.0646017699115	0.0633608815427	0.0718250081619	0.0648817546869	0.0857507542353	0.0659767687434	0.0696885488469	0.0112931798051	0.00992977836296	0.067124286235	0.0735324984258	0.0723684210526	0.0704371963914	0.0103432598318	0.0655142688626	0.011391862955	0.0593512318793	0.0126510395306	0.00486294524948	0.0753858330036	0.0126370380096	0.011476187652	0.0102374520119	0.0560747663551	0.0867768595041
k__Bacteria;p__Acidobacteria;c__Sva0725	9.9763892122e-05	6.63064018831e-05	0.000107422924052	0.000124304670748	0.000150091555849	0.000159836327601	0.0	9.71722864639e-05	0.000118416767814	0.000141367732815	0.000158022818495	6.30477271294e-05	0.000147091270133	7.84375245117e-05	0.000247096614776	0.000522928399035	0.000326843161974	0.00084884100555	0.000306335007965	0.0	0.000168954593453	0.000469161644231	0.000184529081783	0.000109721307878	0.000303729801968	0.000139928636395	0.000221762270846	0.000396550014871	7.57747973024e-05	0.000181479969148	0.000107066381156	0.000162517064292	0.000126194908035	4.46141766008e-05	0.000346260387812	3.28234753496e-05	5.93084633177e-05	4.73956111664e-05	0.0	0.000375657400451
k__Bacteria;p__Acidobacteria;c__TM1	0.0	3.31532009416e-05	5.3711462026e-05	6.2152335374e-05	9.00549335094e-05	0.0	0.0	0.0	0.0	0.0	3.1604563699e-05	3.15238635647e-05	0.0	0.0	4.11827691294e-05	4.02252614642e-05	4.6691880282e-05	0.0	6.12670015929e-05	0.0	0.00012671594509	0.000108268071746	0.0	5.4860653939e-05	6.07459603936e-05	0.0	0.0	0.0	0.0	0.0	0.0	3.25034128584e-05	3.15487270089e-05	8.92283532015e-06	0.0	3.28234753496e-05	2.96542316589e-05	0.0	0.0	0.0
k__Bacteria;p__Acidobacteria;c__[Chloracidobacteria]	0.0165608060922	0.0151841660312	0.0156837469116	0.0160974548619	0.0159997598535	0.0140016622978	0.0143073921526	0.0163735302692	0.0155718049676	0.0157271602757	0.016276350305	0.0153836454196	0.0154078105464	0.0107459408581	0.0203442879499	0.0209975864843	0.0175094551058	0.0257917074763	0.0115794633011	0.0245996750986	0.0139387539599	0.0202822187737	0.0159802184824	0.0157450076805	0.0124529218807	0.0204995452319	0.010053222945	0.0202240507584	0.0129574903387	0.0132480377478	0.00338329764454	0.0170317883378	0.0172887024009	0.00149903633379	0.019143252869	0.0170025602311	0.0138485261847	0.0157353429072	0.0156768164004	0.0210368144252
k__Bacteria;p__Acidobacteria;c__iii1-8	0.00266037045659	0.00208865165932	0.00187990117091	0.0026414742534	0.00228139164891	0.00242951217953	0.000433557337958	0.00247789330483	0.00239793954824	0.00197914825941	0.00224392402263	0.00204905113171	0.00205927778186	0.00227468821084	0.007001070752	0.00506838294449	0.00522949059159	0.00613777342475	0.00808724421027	0.00812253423068	0.00481520591341	0.00606301201776	0.00228816061411	0.00202984419574	0.00328028186126	0.00524732386483	0.00362211709048	0.0075840190344	0.00257634310828	0.00412866929813	0.000942184154176	0.00549307677306	0.00223995961763	0.000365836248126	0.0062821527503	0.00190376157028	0.0020164877528	0.00218019811365	0.00663249924631	0.0015026296018
k__Bacteria;p__Actinobacteria;c__Acidimicrobiia	0.0164277875694	0.0153830852369	0.0157374583736	0.017775567917	0.0165400894546	0.0173901924429	0.015066117494	0.0180740452823	0.0178217235561	0.0175649408023	0.0146329129926	0.0165500283715	0.0157755387218	0.0119225037258	0.0152376245779	0.0143201930813	0.0127001914367	0.0172706496898	0.0169096924397	0.0149686702251	0.0147412882788	0.0171063553358	0.0200029524653	0.0177748518762	0.0127566516827	0.0108444693206	0.0150059136606	0.0166055318727	0.0197014472986	0.0118869379792	0.00301927194861	0.0140414743548	0.0158690096855	0.00129381112142	0.0169172932331	0.013424801418	0.0158057054742	0.0177733541874	0.0132649984926	0.0135236664162
k__Bacteria;p__Actinobacteria;c__Actinobacteria	0.0620531408999	0.0586148592647	0.0623590074122	0.0601945368097	0.0743853750788	0.0633910875264	0.0450899631476	0.0658342240793	0.0566328192072	0.065912705425	0.0587844884801	0.0575625748692	0.0647569316761	0.137579417994	0.108969607116	0.0981496379726	0.106224027642	0.118217433888	0.0999877465997	0.10315618473	0.101921858501	0.114691977336	0.0546575140242	0.0651195962256	0.185396671121	0.087385433429	0.176448846836	0.118865866957	0.0541032052739	0.184020688716	0.0217987152034	0.0763180133914	0.0700381739597	0.00939574559212	0.105708349822	0.060001312939	0.0663958246842	0.0576330631783	0.106722942418	0.0653643876784
k__Bacteria;p__Actinobacteria;c__MB-A2-108	0.00651790761864	0.00440937572523	0.00461918573424	0.00661922371733	0.00612373547864	0.00696886388338	0.00249295469326	0.00558740647167	0.00633529707807	0.00512458031454	0.00663695837679	0.0075026795284	0.00397146429359	0.00101968781865	0.00131784861214	0.00116653258246	0.0013073726479	0.00107737512243	0.0017154760446	0.000232072406591	0.00173178458289	0.00137139557544	0.00557277826986	0.00625411454905	0.000425221722755	0.000769607500175	0.00118273211118	0.00158620005948	0.00556944760173	0.000998139830316	0.000278372591006	0.00113761945004	0.00668833012588	9.81511885217e-05	0.00133557578156	0.00574410818617	0.00435917205385	0.00587705578463	0.00211034066928	0.000751314800902
k__Bacteria;p__Actinobacteria;c__Nitriliruptoria	0.0	0.0	0.0	0.0	0.0	0.0	0.0	0.0	0.0	3.53419332037e-05	0.0	0.0	0.0	0.0	0.0	0.0	0.0	0.0	0.0	0.0	0.0	0.0	0.0	0.0	0.0	0.0	0.0	0.0	0.0	0.0	0.0	0.0	3.15487270089e-05	0.0	0.0	0.0	0.0	0.0	0.0	0.0
k__Bacteria;p__Actinobacteria;c__OPB41	0.0	3.31532009416e-05	0.0	0.0	0.0	0.0	0.0	4.8586143232e-05	2.96041919536e-05	0.0	0.0	6.30477271294e-05	0.0	0.0	0.0	0.0	0.0	0.0	0.0	0.0	0.0	0.0	0.00011071744907	0.0	0.0	0.0	0.0	0.0	3.78873986512e-05	0.0	0.0	0.0	3.15487270089e-05	0.0	0.0	0.0	2.96542316589e-05	0.0	0.0	0.0
k__Bacteria;p__Actinobacteria;c__Rubrobacteria	0.000665092614147	0.000663064018831	0.000483403158234	0.000807980359862	0.000570347912226	0.000575410779362	0.000108389334489	0.000437275289088	0.000651292222979	0.000742180597279	0.00063209127398	0.000504381817035	0.000588365080532	0.000784375245117	0.000617741536941	0.000643604183427	0.000606994443666	0.000750897812602	0.000490136012744	0.000464144813182	0.000337909186906	0.000793965859468	0.00066430469442	0.000658327847268	0.000728951524724	0.000979500454768	0.000369603784743	0.000892237533459	0.000681973175722	0.000952769838029	8.56531049251e-05	0.000877592147175	0.000725620721204	4.46141766008e-05	0.000692520775623	0.000459528654894	0.000533776169859	0.00066353855633	0.00120590895387	0.0
k__Bacteria;p__Actinobacteria;c__Thermoleophilia	0.129227494929	0.113417100421	0.0915243312923	0.126169240809	0.129048719719	0.131896937536	0.0627574246694	0.125255077252	0.119808164836	0.115709489309	0.116684049177	0.127640123574	0.102963889093	0.046905639658	0.0736759739725	0.071922767498	0.0683102208526	0.0724453150506	0.0973532655312	0.0642840566257	0.0816050686378	0.0719621783536	0.12540596398	0.12563089752	0.0713765034625	0.0519135241027	0.058914843288	0.0843164469119	0.143290141699	0.0669207386235	0.0127408993576	0.0627640902295	0.127740795659	0.00421157827111	0.0748911753067	0.118919451191	0.113249510705	0.109436466183	0.0777811275249	0.038317054846
k__Bacteria;p__Armatimonadetes;c__0319-6E2	3.32546307073e-05	0.0	0.0	0.0	0.0	0.0	0.0	0.0	2.96041919536e-05	0.0	3.1604563699e-05	0.0	3.67728175333e-05	0.0	4.11827691294e-05	0.0	0.0	0.0	0.0	0.0	0.0	0.0	0.0	0.0	0.0	0.0	0.0	0.0	0.0	0.0	0.0	0.0	0.0	0.0	0.0	0.0	0.0	0.0	0.0	0.0
k__Bacteria;p__Armatimonadetes;c__Armatimonadia	0.0	0.0	0.0	0.0	0.0	0.0	0.0	0.0	0.0	0.0	0.0	0.0	0.0	0.0	4.11827691294e-05	0.0	4.6691880282e-05	3.26477309827e-05	0.0	0.000116036203295	0.0	7.21787144971e-05	0.0	0.0	6.07459603936e-05	0.0	0.0	9.91375037177e-05	0.0	0.0	0.0	3.25034128584e-05	0.0	0.0	4.94657696874e-05	0.0	0.0	0.0	0.0	0.0
k__Bacteria;p__Armatimonadetes;c__Chthonomonadetes	0.0	0.0	0.0	0.0	3.00183111698e-05	3.19672655201e-05	0.0	0.0	0.0	0.0	0.0	0.0	0.0	7.84375245117e-05	0.0	0.0	0.000140075640846	3.26477309827e-05	0.000183801004779	0.000232072406591	0.0	0.0	0.0	0.0	0.0	0.000279857272791	0.0	0.0	0.0	4.53699922871e-05	0.0	0.0	0.0	8.92283532015e-06	0.0	0.0	2.96542316589e-05	0.0	0.0	0.0
k__Bacteria;p__Armatimonadetes;c__SJA-176	0.0	3.31532009416e-05	0.0	3.1076167687e-05	0.0	0.0	0.0	0.0	0.0	0.0	0.0	0.0	0.0	0.0	0.0	0.0	0.0	0.0	0.0	0.0	0.0	0.0	0.0	0.0	0.0	0.0	0.0	0.0	0.0	0.0	0.0	0.0	0.0	0.0	0.0	0.0	0.0	0.0	0.0	0.0
k__Bacteria;p__Armatimonadetes;c__[Fimbriimonadia]	0.000133018522829	0.000265225607532	0.000107422924052	0.000155380838435	0.000210128178189	9.59017965603e-05	0.000325168003468	4.8586143232e-05	0.000444062879304	0.000141367732815	0.0	0.0	0.000257409722733	0.0	0.000247096614776	0.000402252614642	0.000280151281692	0.000391772771792	6.12670015929e-05	0.000116036203295	0.000380147835269	0.000288714857988	0.00022143489814	5.4860653939e-05	6.07459603936e-05	0.000279857272791	0.0	0.000346981263012	3.78873986512e-05	4.53699922871e-05	0.000128479657388	0.000292530715725	9.46461810266e-05	7.13826825612e-05	0.000296794618124	6.56469506991e-05	0.000237233853271	0.000236978055832	0.000301477238468	0.0
k__Bacteria;p__BRC1;c__PRR-11	3.32546307073e-05	3.31532009416e-05	0.0	6.2152335374e-05	6.00366223396e-05	0.00012786906208	0.0	0.0	0.0	0.0	3.1604563699e-05	3.15238635647e-05	3.67728175333e-05	7.84375245117e-05	4.11827691294e-05	8.04505229284e-05	4.6691880282e-05	6.52954619654e-05	0.0	0.000232072406591	4.22386483633e-05	3.60893572485e-05	3.69058163567e-05	0.0	6.07459603936e-05	0.0	0.0	4.95687518588e-05	0.0	4.53699922871e-05	0.0	3.25034128584e-05	3.15487270089e-05	0.0	9.89315393748e-05	6.56469506991e-05	0.0	0.000189582444666	0.0	0.0
k__Bacteria;p__Bacteroidetes;c__At12OctB3	0.000166273153537	6.63064018831e-05	0.0	0.000124304670748	9.00549335094e-05	9.59017965603e-05	0.0	0.0	2.96041919536e-05	0.000212051599222	3.1604563699e-05	9.45715906942e-05	0.0001103184526	0.0	0.0	0.0	0.0	0.0	0.0	0.0	0.0	0.0	7.38116327133e-05	0.000109721307878	0.0	0.0	0.0	0.0	3.78873986512e-05	0.0	0.0	0.0	0.0	0.0	0.0	6.56469506991e-05	5.93084633177e-05	0.000142186833499	0.0	0.0
k__Bacteria;p__Bacteroidetes;c__Bacteroidia	0.0	3.31532009416e-05	5.3711462026e-05	9.3228503061e-05	3.00183111698e-05	0.0	0.0	0.0	2.96041919536e-05	0.0	0.0	0.0	0.0	0.0	0.0	0.0	0.0	0.0	0.0	0.0	0.0	0.0	0.0	0.0	0.0	0.0	0.0	0.0	0.0	4.53699922871e-05	0.0	0.0	0.0	0.0	0.0	3.28234753496e-05	0.0	0.0	0.0	0.0
k__Bacteria;p__Bacteroidetes;c__Cytophagia	0.000764856506268	0.000696217219773	0.000751960468364	0.000528294850679	0.000600366223396	0.000351639920721	0.000433557337958	0.000388689145856	0.000384854495397	0.000212051599222	0.000126418254796	0.000346762499212	0.000257409722733	0.00164718801475	0.000494193229553	0.0010056315366	0.00135406452818	0.00048971596474	0.000183801004779	0.00208865165932	0.000295670538543	0.00129921686095	0.000295246530853	0.000164581961817	0.00103268132669	0.00125935772756	0.00051744529864	0.00118965004461	7.57747973024e-05	0.00127035978404	0.00149892933619	0.00178768770721	0.000694071994195	0.00174887572275	0.000445191927186	0.000328234753496	0.000919281181425	0.000284373666998	0.000602954476937	0.000751314800902
k__Bacteria;p__Bacteroidetes;c__Flavobacteriia	0.00216155099598	0.00182342605179	0.00150392093673	0.00273470275646	0.00135082400264	0.00172623233809	0.00227617602428	0.00257506559129	0.0021018976287	0.00208517405902	0.00120097342056	0.00148162158754	0.001654776789	0.00047062514707	4.11827691294e-05	0.027554304103	0.000560302563384	6.52954619654e-05	6.12670015929e-05	0.000464144813182	8.44772967265e-05	0.000216536143491	0.00129170357248	0.00153609831029	0.000303729801968	6.99643181977e-05	0.000295683027794	0.000148706255576	0.00409183905433	0.000226849961436	0.00182012847966	0.118117402327	0.00154588762343	0.00211471197088	9.89315393748e-05	0.00131293901398	0.00103789810806	0.00246457178065	0.0	0.0
k__Bacteria;p__Bacteroidetes;c__Sphingobacteriia	0.000565328722025	0.000464144813182	0.00026855731013	0.000186457006122	0.000420256356377	0.000223770858641	0.000325168003468	0.000388689145856	0.000532875455164	0.000600812864464	0.000379254764388	0.000346762499212	0.000514819445466	0.00196093811279	0.00065892430607	0.000804505229284	0.00154083204931	0.000620306888671	0.000245068006372	0.000232072406591	0.000422386483633	0.000902233931214	0.00033215234721	0.000219442615756	0.00200461669299	0.000699643181977	0.00214370195151	0.000693962526024	0.000340986587861	0.00208701964521	0.00017130620985	0.000747578495742	0.00056787708616	3.56913412806e-05	0.000643055005936	0.000262587802797	0.000326196548247	0.000284373666998	0.000301477238468	0.0
k__Bacteria;p__Bacteroidetes;c__[Saprospirae]	0.00325895380932	0.00530451215065	0.00478032012031	0.00416420647006	0.00552336925525	0.00268525030369	0.0052026880555	0.00466426975027	0.00518073359188	0.00402898038523	0.00132739167536	0.00167076476893	0.00382437302346	0.00760843987764	0.0158553661148	0.012308930008	0.0154083204931	0.0129285014691	0.00673937017522	0.00800649802738	0.00832101372756	0.012486917608	0.00387511071745	0.00213956550362	0.00905114809865	0.0125236129574	0.00672678888232	0.0114999504312	0.00231113131772	0.00784900866567	0.00492505353319	0.0085809009946	0.00473230905133	0.00425619244771	0.0147902651365	0.00324952405961	0.00471502283376	0.00350727522631	0.00422068133856	0.00413223140496
k__Bacteria;p__Chlamydiae;c__Chlamydiia	3.32546307073e-05	3.31532009416e-05	0.0	9.3228503061e-05	0.0	6.39345310402e-05	0.0	0.0	0.0	3.53419332037e-05	0.0	0.0	3.67728175333e-05	0.0	0.0	0.0	0.0	0.0	0.0	0.0	0.0	3.60893572485e-05	0.0	0.0	0.0	6.99643181977e-05	0.0	0.0	0.0	0.0	0.0	0.0	3.15487270089e-05	8.92283532015e-06	0.0	6.56469506991e-05	0.0	9.47912223328e-05	0.0	0.0
k__Bacteria;p__Chlorobi;c__	0.0	6.63064018831e-05	0.0	3.1076167687e-05	9.00549335094e-05	3.19672655201e-05	0.0	4.8586143232e-05	2.96041919536e-05	3.53419332037e-05	0.0	0.0	0.0	0.0	0.000123548307388	0.0	9.3383760564e-05	0.000130590923931	0.000122534003186	0.0	4.22386483633e-05	7.21787144971e-05	0.0	5.4860653939e-05	6.07459603936e-05	6.99643181977e-05	0.0	0.0	3.78873986512e-05	4.53699922871e-05	2.14132762313e-05	9.75102385751e-05	6.30974540177e-05	1.78456706403e-05	0.000148397309062	6.56469506991e-05	0.0	4.73956111664e-05	0.0	0.0
k__Bacteria;p__Chlorobi;c__BSV26	0.0	0.0	0.0	0.0	0.0	0.0	0.0	0.0	0.0	0.0	0.0	0.0	0.0	0.0	0.0	0.0	0.0	0.0	0.0	0.0	0.0	3.60893572485e-05	0.0	0.0	0.0	0.0	0.0	0.0	0.0	0.0	0.0	0.0	0.0	0.0	0.0	0.0	0.0	0.0	0.0	0.0
k__Bacteria;p__Chlorobi;c__OPB56	0.0	0.0	0.0	0.0	0.0	0.0	0.0	4.8586143232e-05	0.000148020959768	0.0	0.0	0.0	3.67728175333e-05	0.0	0.0	0.0	0.0	0.0	0.0	0.0	0.0	3.60893572485e-05	3.69058163567e-05	0.0	0.0	0.0	0.0	0.0	3.78873986512e-05	0.0	0.0	0.0	3.15487270089e-05	8.92283532015e-06	0.0	3.28234753496e-05	0.000118616926635	0.0	0.0	0.0
k__Bacteria;p__Chlorobi;c__SJA-28	0.0	0.0	0.0	0.0	0.0	0.0	0.0	0.0	0.0	0.0	0.0	0.0	0.0	0.0	0.0	0.0	0.0	0.0	0.0	0.0	0.0	0.0	0.0	0.0	0.0	0.0	0.0	4.95687518588e-05	0.0	0.0	0.0	3.25034128584e-05	3.15487270089e-05	0.0	0.0	0.0	2.96542316589e-05	0.0	0.0	0.0
k__Bacteria;p__Chloroflexi;c__	6.65092614147e-05	0.0	0.0	9.3228503061e-05	9.00549335094e-05	0.0	0.0	9.71722864639e-05	0.0	0.000106025799611	0.0	0.0	0.0	0.00047062514707	0.00065892430607	0.000522928399035	0.000606994443666	0.000391772771792	0.000796471020708	0.000348108609886	0.000971488912355	0.000360893572485	0.000184529081783	5.4860653939e-05	0.000425221722755	0.000279857272791	0.000960969840331	0.000346981263012	3.78873986512e-05	0.000635179892019	0.00017130620985	0.000487551192875	3.15487270089e-05	2.67685059605e-05	0.000593589236249	3.28234753496e-05	2.96542316589e-05	4.73956111664e-05	0.00120590895387	0.0
k__Bacteria;p__Chloroflexi;c__Anaerolineae	0.00166273153537	0.00139243443955	0.00214845848104	0.00152273221666	0.00165100711434	0.00134262515184	0.000758725341426	0.00160334272665	0.00136179282986	0.00148436119456	0.00094813691097	0.00129247840615	0.0017650952416	0.000549062671582	0.000906020920847	0.000804505229284	0.00135406452818	0.000783545543585	0.000612670015929	0.000928289626363	0.000718057022175	0.000902233931214	0.00166076173605	0.00142637700241	0.00103268132669	0.000979500454768	0.000443524541691	0.000793100029741	0.00128817155414	0.000680549884307	8.56531049251e-05	0.000942598972892	0.00192447234754	8.03055178814e-05	0.0011871784725	0.00180529114423	0.00130478619299	0.00156405516849	0.000602954476937	0.0
k__Bacteria;p__Chloroflexi;c__C0119	0.0	3.31532009416e-05	5.3711462026e-05	3.1076167687e-05	3.00183111698e-05	3.19672655201e-05	0.0	0.0	2.96041919536e-05	0.0	0.0	3.15238635647e-05	3.67728175333e-05	0.000235312573535	0.000906020920847	0.000804505229284	0.000560302563384	0.00130590923931	0.000367602009558	0.00127639823625	0.000718057022175	0.000757876502219	0.0	0.0	0.000425221722755	0.000839571818373	0.000591366055588	0.000495687518588	0.0	0.000499069915158	0.000235546038544	0.000552558018592	3.15487270089e-05	0.000151688200443	0.000643055005936	0.0	2.96542316589e-05	9.47912223328e-05	0.000301477238468	0.000375657400451
k__Bacteria;p__Chloroflexi;c__Chloroflexi	0.00133018522829	0.000928289626363	0.00155763239875	0.00174026539047	0.00144087893615	0.000927050700083	0.000541946672447	0.00131182586726	0.00106575091033	0.00123696766213	0.00113776429316	0.00110333522477	0.00102963889093	0.000235312573535	0.00247096614776	0.00116653258246	0.00205444273241	0.00254652301665	0.00122534003186	0.000928289626363	0.00122492080253	0.00303150600888	0.00132860938884	0.000822909809085	0.000546713643543	0.000699643181977	0.00051744529864	0.00218102508179	0.000606198378419	0.000635179892019	0.000385438972163	0.00113761945004	0.00123040035335	0.000178456706403	0.00183023347843	0.00154270334143	0.00124547772967	0.00146926394616	0.000904431715405	0.00112697220135
k__Bacteria;p__Chloroflexi;c__Dehalococcoidetes	0.0	0.0	0.0	3.1076167687e-05	3.00183111698e-05	0.0	0.0	0.0	0.0	0.0	3.1604563699e-05	0.0	0.0	0.0	0.0	0.0	0.0	0.0	0.0	0.0	0.0	0.0	0.0	0.0	0.0	0.0	0.0	0.0	3.78873986512e-05	0.0	0.0	0.0	0.0	0.0	0.0	0.0	0.0	0.0	0.0	0.0
k__Bacteria;p__Chloroflexi;c__Ellin6529	0.00704998170995	0.00716109140337	0.00418949403803	0.00724074707107	0.00720439468076	0.00827952176971	0.00336006936917	0.0068506461957	0.00660173480565	0.00720975437356	0.00480389368225	0.00639934430364	0.00665587997352	0.00156875049023	0.00226505230212	0.00249396621078	0.00238128589438	0.00297094351943	0.00330841808602	0.00174054304943	0.00215417106653	0.00263452307914	0.00601564806614	0.0064735571648	0.0018831247722	0.00111942909116	0.00162625665287	0.00312283136711	0.00591043418959	0.00145183975319	0.000535331905782	0.0019502047715	0.00750859702811	0.000214148047684	0.00316580925999	0.00640057769317	0.00587153786845	0.00696715484146	0.00150738619234	0.00112697220135
k__Bacteria;p__Chloroflexi;c__Gitt-GS-136	0.00159622227395	0.00152504724331	0.00080567193039	0.00170918922279	0.00183111698136	0.00195000319673	0.000758725341426	0.00174910115635	0.0021018976287	0.00180243859339	0.00132739167536	0.00104028749764	0.00191218651173	0.0	4.11827691294e-05	0.000201126307321	9.3383760564e-05	6.52954619654e-05	0.000183801004779	0.0	0.000168954593453	7.21787144971e-05	0.00143932683791	0.00142637700241	0.0	0.0	7.39207569486e-05	9.91375037177e-05	0.001629158142	0.000136109976861	0.0	3.25034128584e-05	0.00154588762343	8.92283532015e-06	0.000296794618124	0.00118164511258	0.00145305735128	0.00232238494715	0.0	0.0
k__Bacteria;p__Chloroflexi;c__Ktedonobacteria	0.000399055568488	0.00043099161224	0.00026855731013	0.000341837844557	0.000570347912226	0.000447541717282	0.000108389334489	0.000583033718783	0.000236833535629	0.000742180597279	0.000410859328087	0.000662001134859	0.000294182540266	0.00211781316182	0.00189440737995	0.00249396621078	0.00172759957043	0.0026444662096	0.00159294204142	0.000696217219773	0.00223864836325	0.00288714857988	0.000295246530853	0.000219442615756	0.00200461669299	0.00202896522773	0.00192193968066	0.00262714384852	0.000416761385163	0.00340274942153	0.000428265524625	0.00282779691868	0.000599425813168	0.000205225212363	0.00306687772062	0.000262587802797	0.000385505011565	0.000379164889331	0.00150738619234	0.000375657400451
k__Bacteria;p__Chloroflexi;c__P2-11E	6.65092614147e-05	3.31532009416e-05	5.3711462026e-05	3.1076167687e-05	9.00549335094e-05	3.19672655201e-05	0.0	0.0	0.000118416767814	3.53419332037e-05	3.1604563699e-05	0.0	3.67728175333e-05	0.000235312573535	0.000370644922165	0.000442477876106	0.000606994443666	0.000163238654913	0.000612670015929	0.000116036203295	0.000675818373812	0.00050525100148	7.38116327133e-05	0.000109721307878	0.000303729801968	0.000139928636395	0.00051744529864	0.000148706255576	3.78873986512e-05	0.000453699922871	0.000149892933619	0.000520054605734	6.30974540177e-05	1.78456706403e-05	0.000494657696874	3.28234753496e-05	5.93084633177e-05	9.47912223328e-05	0.000301477238468	0.0
k__Bacteria;p__Chloroflexi;c__S085	0.00212829636527	0.00198919205649	0.00182618970888	0.00282793125952	0.00237144658242	0.00207787225881	0.000975504010405	0.00238072101837	0.00224991858847	0.00222654179184	0.00265478335072	0.00217514658597	0.00194895932926	0.000156875049023	0.000247096614776	0.000241351568785	9.3383760564e-05	0.00035912504081	0.000183801004779	0.0	0.000295670538543	0.000433072286983	0.00243578387954	0.0019749835418	0.0	6.99643181977e-05	7.39207569486e-05	0.000297412511153	0.00329620368266	9.07399845742e-05	6.42398286938e-05	0.000357537541442	0.00293403161182	1.78456706403e-05	0.00019786307875	0.00206787894702	0.00163098274124	0.00236978055832	0.000602954476937	0.000375657400451
k__Bacteria;p__Chloroflexi;c__SHA-26	0.0	0.0	0.0	0.0	0.0	0.0	0.0	0.0	0.0	0.0	0.0	0.0	3.67728175333e-05	0.0	0.0	0.0	0.0	0.0	0.0	0.0	0.0	0.0	0.0	0.0	0.0	0.0	0.0	0.0	0.0	0.0	0.0	0.0	0.0	0.0	0.0	0.0	0.0	0.0	0.0	0.0
k__Bacteria;p__Chloroflexi;c__TK10	0.00106414818263	0.000895136425422	0.000913094854442	0.00093228503061	0.000960585957434	0.00102295249664	0.000325168003468	0.00111748129433	0.000769708990793	0.000989574129705	0.00110615972946	0.0016077170418	0.000992866073399	0.00431406384814	0.0109134338193	0.00872888173773	0.00929168417612	0.00842311459354	0.0105991912756	0.00591784636807	0.00789862724393	0.00812010538092	0.00099645704163	0.000932631116963	0.00522415259385	0.00895543272931	0.00480484920166	0.00872410032715	0.00132605895279	0.0056258790436	0.00186295503212	0.00884092829747	0.00116730289933	0.000660289813691	0.00989315393748	0.00111599816189	0.0010082438764	0.00066353855633	0.00844136267712	0.00187828700225
k__Bacteria;p__Chloroflexi;c__TK17	6.65092614147e-05	0.0	0.0	6.2152335374e-05	0.0	0.0	0.0	0.0	8.88125758607e-05	0.0	3.1604563699e-05	3.15238635647e-05	0.0	7.84375245117e-05	0.000123548307388	4.02252614642e-05	0.000140075640846	6.52954619654e-05	0.000122534003186	0.0	0.00012671594509	0.000216536143491	0.0	5.4860653939e-05	6.07459603936e-05	0.000139928636395	0.000147841513897	0.000198275007435	3.78873986512e-05	0.0	4.28265524625e-05	0.000162517064292	9.46461810266e-05	8.92283532015e-06	0.000247328848437	3.28234753496e-05	0.0	4.73956111664e-05	0.0	0.0
k__Bacteria;p__Chloroflexi;c__Thermomicrobia	0.000598583352732	0.000298378808474	0.000429691696208	0.000341837844557	0.000570347912226	0.000447541717282	0.000108389334489	0.000437275289088	0.000621688031025	0.000600812864464	0.000347650200689	0.000346762499212	0.000441273810399	0.000156875049023	8.23655382588e-05	8.04505229284e-05	9.3383760564e-05	0.000130590923931	0.000122534003186	0.000232072406591	0.0	7.21787144971e-05	0.000369058163567	0.000384024577573	0.0	6.99643181977e-05	0.000147841513897	4.95687518588e-05	0.000378873986512	0.000181479969148	2.14132762313e-05	0.000130013651433	0.000662523267186	0.0	0.000247328848437	0.000262587802797	0.000593084633177	0.000236978055832	0.0	0.0
k__Bacteria;p__Cyanobacteria;c__	0.0	0.0	0.0	0.0	0.0	0.0	0.0	0.0	0.0	0.0	0.0	0.0	0.0	0.00117656286768	0.00148257968866	0.00253419147224	0.00303497221833	0.00398302317989	0.000428869011151	0.000812253423068	0.00114044350581	0.00155184236169	0.0	0.0	0.00133641112866	0.00258867977332	0.000813128326434	0.00386636264499	0.0	0.000408329930584	0.000128479657388	0.000617564844309	0.0	2.67685059605e-05	0.000544123466561	0.0	0.0	0.0	0.00211034066928	0.00300525920361
k__Bacteria;p__Cyanobacteria;c__4C0d-2	0.000731601875561	0.000530451215065	0.000429691696208	0.000403990179931	0.000210128178189	0.000415574451761	0.000758725341426	0.000728792148479	0.000592083839072	0.000459445131649	0.000221231945893	0.000283714772082	0.000257409722733	0.000784375245117	0.00119430030475	0.001126307321	0.00140075640846	0.000914136467516	0.00140914103664	0.000580181016477	0.00164730728617	0.00144357428994	0.000405963979923	0.000493745885451	0.000789697485117	0.00188903659134	0.000369603784743	0.00123921879647	0.000265211790558	0.000408329930584	0.000278372591006	0.000812585321459	0.000410133451115	0.000115996859162	0.00158290463	0.000328234753496	0.000207579621612	0.000473956111664	0.00180886343081	0.00112697220135
k__Bacteria;p__Cyanobacteria;c__Chloroplast	0.000332546307073	0.00112720883201	0.00236330432914	0.000372914012244	0.000120073244679	6.39345310402e-05	0.000325168003468	0.000534447575551	0.000207229343675	0.000106025799611	6.3209127398e-05	3.15238635647e-05	0.000551592262999	0.000627500196094	0.0021003212256	0.00245374094932	0.0041555773451	0.00124061377734	0.000919005023894	0.00185657925273	0.00173178458289	0.00234580822116	0.0	0.0	0.000607459603936	0.00447771636465	0.000147841513897	0.00218102508179	0.0	0.000635179892019	0.000321199143469	0.00474549827732	0.00082026690223	8.92283532015e-05	0.00128611001187	0.000393881704195	0.00575292094182	4.73956111664e-05	0.000602954476937	0.00413223140496
k__Bacteria;p__Cyanobacteria;c__ML635J-21	0.000299291676366	0.000331532009416	0.000751960468364	0.000279685509183	0.000420256356377	0.000223770858641	0.000650336006937	0.000145758429696	0.000384854495397	0.00028273546563	9.4813691097e-05	0.000189143181388	0.000404500992866	0.000549062671582	0.000947203689976	0.00104585679807	0.00093383760564	0.000652954619654	0.000551403014336	0.000580181016477	0.000549102428722	0.000649608430474	0.000184529081783	5.4860653939e-05	0.000242983841575	0.000419785909186	0.000887049083383	0.0008426687816	0.000265211790558	0.000680549884307	8.56531049251e-05	0.0007800819086	0.000694071994195	3.56913412806e-05	0.000791452314998	0.000229764327447	0.00103789810806	0.000284373666998	0.000301477238468	0.000375657400451
k__Bacteria;p__Cyanobacteria;c__Nostocophycideae	0.0	0.0	0.0	0.0	3.00183111698e-05	0.0	0.0	0.0	0.0	0.0	0.0	3.15238635647e-05	0.0	0.00117656286768	0.000535375998682	0.000603378921963	0.00046691880282	0.000652954619654	0.000796471020708	0.000464144813182	0.000760295670539	0.000613519073225	0.0	0.0	0.000607459603936	0.00090953613657	0.00147841513897	0.000396550014871	0.0	0.000952769838029	0.000192719486081	0.000617564844309	0.0	3.56913412806e-05	0.000445191927186	0.0	0.0	4.73956111664e-05	0.000301477238468	0.0015026296018
k__Bacteria;p__Cyanobacteria;c__Oscillatoriophycideae	0.0	0.0	0.0	0.0	0.0	0.0	0.0	0.0	0.0	0.0	0.0	0.0	0.0	0.00047062514707	0.000411827691294	0.000804505229284	0.00635009571835	0.000326477309827	6.12670015929e-05	0.000464144813182	0.000337909186906	0.000793965859468	0.0	0.0	0.000242983841575	0.00174910795494	0.000369603784743	0.00356895013384	0.0	0.000408329930584	4.28265524625e-05	0.00120262627576	0.0	8.92283532015e-06	0.000148397309062	0.0	0.0	0.0	0.00120590895387	0.00488354620586
k__Bacteria;p__Cyanobacteria;c__Synechococcophycideae	0.0	0.0	0.0	0.0	0.0	0.0	0.0	0.0	0.0	0.0	0.0	0.0	0.0	7.84375245117e-05	0.0	4.02252614642e-05	0.000513610683102	9.79431929481e-05	0.0	0.0	8.44772967265e-05	0.000216536143491	0.0	0.0	0.000121491920787	0.000209892954593	7.39207569486e-05	0.000297412511153	0.0	0.000136109976861	0.0	0.0	0.0	0.0	0.0	0.0	0.0	0.0	0.000301477238468	0.00112697220135
k__Bacteria;p__Elusimicrobia;c__Elusimicrobia	0.0	3.31532009416e-05	0.0	3.1076167687e-05	9.00549335094e-05	6.39345310402e-05	0.000108389334489	9.71722864639e-05	0.0	3.53419332037e-05	6.3209127398e-05	3.15238635647e-05	0.0	0.000235312573535	0.000288279383906	8.04505229284e-05	0.000420226922538	0.000163238654913	0.000122534003186	0.000348108609886	0.00025343189018	0.000180446786243	3.69058163567e-05	0.0	0.000242983841575	0.000349821590989	0.0	0.000247843759294	0.0	4.53699922871e-05	0.00017130620985	0.000357537541442	3.15487270089e-05	6.24598472411e-05	0.000296794618124	0.0	0.0	4.73956111664e-05	0.0	0.0
k__Bacteria;p__Elusimicrobia;c__Endomicrobia	0.0	0.0	5.3711462026e-05	3.1076167687e-05	0.0	0.0	0.0	0.0	2.96041919536e-05	0.0	0.0	0.0	0.0	0.0	0.0	0.0	0.0	0.0	0.0	0.0	0.0	0.0	0.0	0.0	0.0	0.0	0.0	0.0	0.0	0.0	0.0	0.0	0.0	0.0	0.0	0.0	0.0	0.0	0.0	0.0
k__Bacteria;p__FBP;c__	0.000133018522829	0.000132612803766	0.0	0.000124304670748	0.000150091555849	0.0	0.000325168003468	4.8586143232e-05	0.000236833535629	3.53419332037e-05	3.1604563699e-05	0.0	0.000183864087666	0.0	0.000411827691294	0.000321802091714	9.3383760564e-05	0.000391772771792	0.000122534003186	0.000928289626363	4.22386483633e-05	0.000469161644231	3.69058163567e-05	0.0	0.000242983841575	0.000209892954593	0.000221762270846	0.000297412511153	3.78873986512e-05	0.000136109976861	0.000364025695931	0.000552558018592	0.000189292362053	0.000731672496252	0.000296794618124	3.28234753496e-05	5.93084633177e-05	0.0	0.000301477238468	0.000375657400451
k__Bacteria;p__Fibrobacteres;c__Fibrobacteria	3.32546307073e-05	0.0	0.0	0.0	3.00183111698e-05	0.0	0.0	0.0	0.0	0.0	0.0	0.0	0.0	0.0	0.0	0.0	0.0	0.0	0.0	0.0	0.0	0.0	3.69058163567e-05	0.0	0.0	0.0	7.39207569486e-05	0.0	0.0	0.0	0.0	0.0	0.0	0.0	4.94657696874e-05	0.0	0.0	0.0	0.0	0.0
k__Bacteria;p__Firmicutes;c__Bacilli	0.108210568322	0.113251334416	0.121817595875	0.120420149787	0.0835709782968	0.111214116744	0.20279644483	0.11019337285	0.115219515083	0.117299876303	0.108814512816	0.0990164554568	0.109031403986	0.233508510471	0.145539906103	0.169549477072	0.137881122473	0.154554358472	0.189866437937	0.169877001625	0.191341077086	0.155328593598	0.129723944494	0.119870528857	0.195237516705	0.202336808228	0.184284447073	0.13839595519	0.0588012427067	0.186606778277	0.0271734475375	0.139439641162	0.106887087106	0.0119387536584	0.142807677087	0.103361123876	0.0948045786134	0.125077017868	0.195357250528	0.346356123216
k__Bacteria;p__Firmicutes;c__Clostridia	0.00887898639886	0.00798992142691	0.00999033193684	0.00972684048603	0.00789481583766	0.0070008311489	0.00888792542814	0.0103974346516	0.00796352763551	0.0056193673794	0.00698460857748	0.00999306475002	0.00746488195926	0.00611812691191	0.00366526645252	0.00297666934835	0.00494933930989	0.00333006856024	0.00471755912266	0.00313297748898	0.00511087645195	0.00472770579956	0.00675376439327	0.00757077024358	0.00613534199976	0.00419785909186	0.00665286812537	0.00366808763755	0.00549367280443	0.00503606914387	0.000770877944325	0.00305532080868	0.0104426286399	0.000276607894925	0.0039077958053	0.0078776340839	0.00907419488761	0.00673017678563	0.00422068133856	0.00525920360631
k__Bacteria;p__Firmicutes;c__Erysipelotrichi	0.0	0.0	5.3711462026e-05	0.0	0.0	0.0	0.0	0.0	0.0	0.0	0.0	0.0	0.0	7.84375245117e-05	0.0	0.0	0.0	0.0	6.12670015929e-05	0.0	4.22386483633e-05	0.0	0.0	0.0	0.0	0.0	0.0	4.95687518588e-05	0.0	0.0	0.0	0.0	0.0	0.0	0.0	3.28234753496e-05	0.0	0.0	0.0	0.0
k__Bacteria;p__GAL15;c__	0.000133018522829	0.000165766004708	0.00026855731013	0.000155380838435	0.000150091555849	0.000287705389681	0.0	4.8586143232e-05	0.000207229343675	0.000176709666019	0.000221231945893	0.000252190908518	0.000147091270133	7.84375245117e-05	4.11827691294e-05	8.04505229284e-05	4.6691880282e-05	9.79431929481e-05	0.0	0.000116036203295	0.000168954593453	3.60893572485e-05	7.38116327133e-05	0.000219442615756	0.0	0.0	0.000147841513897	9.91375037177e-05	0.000151549594605	9.07399845742e-05	2.14132762313e-05	9.75102385751e-05	0.000252389816071	8.92283532015e-06	9.89315393748e-05	0.000131293901398	0.000207579621612	0.000236978055832	0.0	0.0
k__Bacteria;p__GN04;c__	0.0	0.0	0.0	0.0	0.0	0.0	0.0	0.0	0.0	0.0	3.1604563699e-05	3.15238635647e-05	0.0	0.0	0.0	0.0	0.0	0.0	0.0	0.0	0.0	0.0	3.69058163567e-05	0.0	0.0	0.0	0.0	0.0	0.0	0.0	0.0	0.0	0.0	0.0	0.0	0.0	0.0	0.0	0.0	0.0
k__Bacteria;p__GOUTA4;c__	0.0	0.0	0.0	0.0	0.0	0.0	0.0	0.0	0.0	0.0	0.0	0.0	3.67728175333e-05	0.0	0.0	0.0	0.0	0.0	0.0	0.0	0.0	0.0	0.0	0.0	0.0	0.0	0.0	0.0	0.0	0.0	0.0	0.0	0.0	0.0	0.0	0.0	0.0	0.0	0.0	0.0
k__Bacteria;p__Gemmatimonadetes;c__	0.000764856506268	0.000497298014123	0.00053711462026	0.000683675689114	0.000630384534566	0.000703279841442	0.000541946672447	0.000825964434943	0.000562479647118	0.000742180597279	0.000537277582883	0.000504381817035	0.000551592262999	0.0	0.0	0.0	0.0	0.0	0.0	0.0	0.0	0.0	0.000848833776203	0.000822909809085	0.0	0.0	0.0	0.0	0.000568310979768	0.0	0.0	0.0	0.000851815629239	0.0	0.0	0.000689292982341	0.000711701559813	0.000853121000995	0.0	0.0
k__Bacteria;p__Gemmatimonadetes;c__Gemm-1	0.00927804196734	0.00802307462786	0.00837898807606	0.00938500264147	0.00978596944136	0.00904673614219	0.00466074138305	0.0109318822272	0.00858521566654	0.00809330270366	0.0093549508549	0.0105289704306	0.00834742958005	0.00964781551494	0.0101309612058	0.0108608205953	0.00873138161274	0.0114267058439	0.0115181962995	0.016477140868	0.0100105596621	0.0098163051716	0.00985385296723	0.0105332455563	0.00844368849472	0.0111243265934	0.0103489059728	0.0103598691385	0.0095476244601	0.0088017785037	0.00199143468951	0.00767080543457	0.0103164337319	0.000651366978371	0.0103383458647	0.0114882163723	0.00824387640116	0.00900516612162	0.0111546578233	0.0195341848234
k__Bacteria;p__Gemmatimonadetes;c__Gemm-2	0.000266037045659	0.000198919205649	0.000107422924052	0.000217533173809	0.000180109867019	0.000159836327601	0.000325168003468	0.000145758429696	0.000177625151721	0.000141367732815	0.000126418254796	9.45715906942e-05	0.0002206369052	0.0	0.0	0.0	0.0	0.0	0.0	0.000116036203295	0.0	0.0	0.00011071744907	0.000219442615756	0.0	0.0	0.0	0.0	0.000113662195954	0.0	0.0	0.0	0.000157743635044	0.0	0.0	0.0	5.93084633177e-05	0.000142186833499	0.0	0.0
k__Bacteria;p__Gemmatimonadetes;c__Gemm-3	0.0	0.0	0.0	3.1076167687e-05	0.0	0.0	0.0	0.0	0.0	0.0	0.0	0.0	0.0	7.84375245117e-05	0.000494193229553	0.000120675784393	4.6691880282e-05	0.000130590923931	6.12670015929e-05	0.000116036203295	0.0	3.60893572485e-05	0.0	0.0	0.000121491920787	0.000209892954593	0.0	0.000247843759294	0.0	0.0	2.14132762313e-05	3.25034128584e-05	0.0	0.0	4.94657696874e-05	0.0	2.96542316589e-05	0.0	0.000301477238468	0.0
k__Bacteria;p__Gemmatimonadetes;c__Gemm-5	0.000731601875561	0.000397838411299	0.00053711462026	0.000528294850679	0.000210128178189	0.000511476248322	0.000216778668979	0.000340103002624	0.000296041919536	0.000424103198445	0.000379254764388	0.000346762499212	0.000367728175333	0.0	0.0	0.0	0.0	3.26477309827e-05	0.0	0.0	4.22386483633e-05	0.0	0.000627398878063	0.000603467193329	0.0	0.0	0.0	0.0	0.000644085777071	0.0	0.0	0.0	0.000347035997098	0.0	0.0	0.000590822556292	0.00026688808493	0.000616142945163	0.0	0.0
k__Bacteria;p__Gemmatimonadetes;c__Gemmatimonadetes	0.000299291676366	0.000232072406591	0.000107422924052	0.000372914012244	0.000360219734038	0.000319672655201	0.000108389334489	0.000437275289088	0.000355250303443	0.000318077398834	0.000442463891786	0.000567429544165	0.000294182540266	0.00251000078438	0.00296515937732	0.00313757039421	0.00354858290143	0.00470127326151	0.00189927704938	0.00232072406591	0.00236536430834	0.00393373994009	0.000258340714497	0.000109721307878	0.00206536265338	0.00237878681872	0.00236546422235	0.00540299395261	0.000454648783815	0.00308515947552	0.000663811563169	0.00325034128584	0.000410133451115	0.000276607894925	0.00370993272655	0.000393881704195	0.000207579621612	0.000331769278165	0.00271329514622	0.000375657400451
k__Bacteria;p__MVP-21;c__	0.0	0.0	0.0	0.0	0.0	0.0	0.0	0.0	0.0	0.0	3.1604563699e-05	0.0	0.0	0.0	0.0	0.0	0.0	0.0	0.0	0.0	0.0	0.0	0.0	5.4860653939e-05	0.0	0.0	0.0	0.0	0.000113662195954	0.0	0.0	0.0	0.0	0.0	0.0	3.28234753496e-05	0.0	0.0	0.0	0.0
k__Bacteria;p__NC10;c__12-24	0.0	0.0	0.0	3.1076167687e-05	3.00183111698e-05	0.0	0.0	0.0	0.0	0.0	0.0	0.0	0.0	0.0	0.0	0.0	0.0	0.0	0.0	0.0	0.0	0.0	0.0	0.0	0.0	0.0	0.0	0.0	0.0	0.0	0.0	0.0	0.0	0.0	0.0	0.0	0.0	0.0	0.0	0.0
k__Bacteria;p__NKB19;c__	0.0	0.0	0.0	0.0	0.0	0.0	0.0	0.0	0.0	0.0	0.0	0.0	0.0	0.0	0.0	0.0	0.0	0.0	0.0	0.0	0.0	0.0	0.0	5.4860653939e-05	0.0	0.0	0.0	0.0	0.0	0.0	0.0	0.0	0.0	0.0	0.0	0.0	0.0	0.0	0.0	0.0
k__Bacteria;p__Nitrospirae;c__Nitrospira	0.0129360513451	0.0103106454928	0.0138575572027	0.0138910469561	0.0114069582445	0.0119557573045	0.0189681335357	0.0130696725294	0.0136475324906	0.0115568121576	0.0146645175563	0.0172120295063	0.0107008899022	0.0177268805397	0.0139609587349	0.0150040225261	0.0141476397255	0.0138752856676	0.015500551403	0.0299373404502	0.0160084477297	0.0143996535422	0.0143563625627	0.0136054421769	0.0155509658608	0.0178409011404	0.0140449438202	0.0134827005056	0.0157232704403	0.0139285876321	0.00325481798715	0.0109536501333	0.0121778086254	0.0010172032265	0.0146913335972	0.0107660999147	0.00928177450922	0.0124176501256	0.0150738619234	0.038317054846
k__Bacteria;p__OD1;c__	0.00086462039839	0.00155820044425	0.000859383392416	0.000372914012244	0.000600366223396	0.000831148903523	0.000541946672447	0.000631619862015	0.000769708990793	0.00236790952465	3.1604563699e-05	6.30477271294e-05	0.00202250496433	0.0	4.11827691294e-05	8.04505229284e-05	0.000280151281692	9.79431929481e-05	0.0	0.0	0.000168954593453	7.21787144971e-05	0.00044286979628	0.0	0.0	6.99643181977e-05	0.0	0.0	0.0	0.0	2.14132762313e-05	0.0	0.00126194908035	0.0	9.89315393748e-05	0.00111599816189	0.00109720657138	0.00104270344566	0.0	0.0
k__Bacteria;p__OD1;c__SM2F11	0.0	3.31532009416e-05	0.0	0.0	0.0	0.0	0.0	0.0	2.96041919536e-05	0.0	6.3209127398e-05	0.0	0.0	7.84375245117e-05	8.23655382588e-05	0.000160901045857	0.000140075640846	6.52954619654e-05	6.12670015929e-05	0.000348108609886	4.22386483633e-05	7.21787144971e-05	0.0	0.0	0.0	0.000209892954593	0.0	0.000148706255576	0.0	4.53699922871e-05	2.14132762313e-05	0.000227523890008	0.0	8.92283532015e-06	9.89315393748e-05	0.0	2.96542316589e-05	0.0	0.0	0.0
k__Bacteria;p__OD1;c__ZB2	3.32546307073e-05	3.31532009416e-05	0.0	0.0	0.0	6.39345310402e-05	0.0	0.0	0.0	0.0	3.1604563699e-05	0.0	3.67728175333e-05	0.0	4.11827691294e-05	0.000160901045857	9.3383760564e-05	3.26477309827e-05	0.000306335007965	0.000116036203295	4.22386483633e-05	7.21787144971e-05	0.0	5.4860653939e-05	0.0	0.0	0.0	0.0	3.78873986512e-05	0.0	0.0	9.75102385751e-05	3.15487270089e-05	0.0	9.89315393748e-05	0.0	2.96542316589e-05	4.73956111664e-05	0.0	0.000375657400451
k__Bacteria;p__OP3;c__PBS-25	0.0	0.0	0.0	0.0	0.0	0.0	0.0	0.0	0.0	0.0	0.0	0.0	0.0	0.0	0.0	0.0	0.0	0.0	0.0	0.0	0.0	0.0	0.0	0.0	0.0	0.0	0.0	0.0	0.0	0.0	0.0	3.25034128584e-05	0.0	0.0	0.0	0.0	0.0	0.0	0.0	0.0
k__Bacteria;p__OP3;c__koll11	0.0	0.0	0.0	0.0	0.0	0.0	0.0	0.0	0.0	0.0	0.0	0.0	0.0	0.0	0.0	0.0	4.6691880282e-05	0.0	0.0	0.0	0.0	0.0	0.0	0.0	0.0	0.0	0.0	0.0	0.0	0.0	0.0	0.0	0.0	0.0	0.0	0.0	0.0	0.0	0.0	0.0
k__Bacteria;p__Planctomycetes;c__	0.0	6.63064018831e-05	0.0	0.0	0.0	0.0	0.0	0.0	0.0	0.0	6.3209127398e-05	0.0	0.0	0.0	0.0	0.0	0.0	0.0	0.0	0.0	0.0	0.0	3.69058163567e-05	5.4860653939e-05	0.0	0.0	0.0	0.0	0.0	0.0	0.0	0.0	0.0	0.0	0.0	0.0	0.0	0.0	0.0	0.0
k__Bacteria;p__Planctomycetes;c__028H05-P-BN-P5	0.0	3.31532009416e-05	0.0	3.1076167687e-05	6.00366223396e-05	0.0	0.0	4.8586143232e-05	2.96041919536e-05	0.0	0.0	0.0	0.0	0.0	0.0	0.0	0.0	0.0	0.0	0.0	0.0	0.0	0.0	0.0	0.0	0.0	0.0	0.0	0.0	0.0	0.0	0.0	3.15487270089e-05	0.0	0.0	0.0	5.93084633177e-05	0.0	0.0	0.0
k__Bacteria;p__Planctomycetes;c__BD7-11	6.65092614147e-05	0.0	0.0	3.1076167687e-05	3.00183111698e-05	3.19672655201e-05	0.0	0.0	0.0	0.0	3.1604563699e-05	3.15238635647e-05	0.0	0.000156875049023	8.23655382588e-05	0.0	0.0	3.26477309827e-05	0.000183801004779	0.0	8.44772967265e-05	3.60893572485e-05	0.00011071744907	5.4860653939e-05	0.000121491920787	6.99643181977e-05	0.0	4.95687518588e-05	3.78873986512e-05	4.53699922871e-05	0.0	6.50068257167e-05	6.30974540177e-05	8.92283532015e-06	4.94657696874e-05	0.0	0.0	4.73956111664e-05	0.0	0.0
k__Bacteria;p__Planctomycetes;c__OM190	0.000166273153537	6.63064018831e-05	0.000161134386078	0.000155380838435	6.00366223396e-05	0.0	0.0	9.71722864639e-05	5.92083839072e-05	7.06838664075e-05	0.0	3.15238635647e-05	3.67728175333e-05	0.0	0.0	0.0	4.6691880282e-05	0.0	0.0	0.0	0.0	0.0	0.00011071744907	0.000219442615756	0.0	0.0	0.0	0.0	0.000189436993256	0.0	0.0	0.0	3.15487270089e-05	0.0	0.0	9.84704260487e-05	8.89626949766e-05	0.0	0.0	0.0
k__Bacteria;p__Planctomycetes;c__Phycisphaerae	0.00631837983439	0.0082219938335	0.00816414222795	0.00733397557413	0.00930567646264	0.00696886388338	0.00975504010405	0.00757943834418	0.00743065218035	0.00865877363492	0.00451945260896	0.0049177227161	0.00959770537619	0.00705937720606	0.00951321966889	0.00848753016895	0.00947845169725	0.0104472739145	0.00722950618797	0.0132281271757	0.00844772967265	0.00959976902811	0.00763950398583	0.00515690147027	0.00649981776212	0.00902539704751	0.00687463039622	0.00976504411619	0.00560733500038	0.00648790889706	0.00186295503212	0.00591562114022	0.00769788939016	0.000776286672853	0.00999208547685	0.00630210726712	0.00782871715794	0.00682496800796	0.00391920410009	0.00450788880541
k__Bacteria;p__Planctomycetes;c__Pla3	0.0	0.0	0.0	0.0	0.0	0.0	0.0	0.0	2.96041919536e-05	0.0	3.1604563699e-05	0.0	0.0	0.0	0.0	0.0	4.6691880282e-05	0.0	6.12670015929e-05	0.0	4.22386483633e-05	3.60893572485e-05	0.0	0.0	0.0	0.0	0.0	0.0	0.0	0.0	0.0	0.0	0.0	8.92283532015e-06	0.0	3.28234753496e-05	0.0	0.0	0.0	0.0
k__Bacteria;p__Planctomycetes;c__Pla4	0.000199527784244	9.94596028247e-05	0.000161134386078	0.000341837844557	0.000360219734038	0.000287705389681	0.0	9.71722864639e-05	5.92083839072e-05	0.000176709666019	0.000158022818495	0.000220667044953	0.0002206369052	7.84375245117e-05	0.0	0.0	9.3383760564e-05	6.52954619654e-05	0.0	0.000232072406591	4.22386483633e-05	0.0	0.000295246530853	0.000274303269695	0.0	0.0	7.39207569486e-05	0.0	0.000265211790558	4.53699922871e-05	4.28265524625e-05	6.50068257167e-05	0.000252389816071	8.92283532015e-06	4.94657696874e-05	0.000196940852097	8.89626949766e-05	0.000284373666998	0.000301477238468	0.0
k__Bacteria;p__Planctomycetes;c__Planctomycetia	0.00981011605866	0.0106421775022	0.00907723708239	0.0119643245595	0.0120673610903	0.0106770666837	0.00921309343161	0.0120493635215	0.0129370318837	0.0085174059021	0.0101134603837	0.010213731795	0.00978156946385	0.00745156482861	0.0119430030475	0.0121882542237	0.0131204183592	0.01328762651	0.00857738022301	0.00812253423068	0.0111510031679	0.0142192067559	0.0111455565397	0.00839368005267	0.0075932450492	0.0102847547751	0.00864872856298	0.00971547536433	0.0095476244601	0.00871103851912	0.00224839400428	0.0108886433075	0.010852762091	0.000910129202655	0.0133062920459	0.00968292522812	0.00978589644742	0.0100004739561	0.00301477238468	0.00713749060856
k__Bacteria;p__Planctomycetes;c__vadinHA49	3.32546307073e-05	0.0	0.0	0.0	3.00183111698e-05	0.0	0.0	0.0	0.0	0.0	0.0	0.0	0.0	0.0	0.000329462153035	0.000201126307321	0.000980529485922	0.000228534116879	0.000183801004779	0.000348108609886	0.000506863780359	7.21787144971e-05	3.69058163567e-05	0.0	0.000121491920787	0.000489750227384	0.0	9.91375037177e-05	0.0	4.53699922871e-05	4.28265524625e-05	0.000162517064292	0.0	4.46141766008e-05	0.000544123466561	6.56469506991e-05	0.0	0.0	0.000602954476937	0.0
k__Bacteria;p__Proteobacteria;c__	0.0	0.0	0.0	0.0	0.0	0.0	0.0	0.0	0.0	0.0	0.0	0.0	0.0	0.0	0.0	0.0	0.0	6.52954619654e-05	0.0	0.0	0.0	0.0	0.0	0.0	0.0	0.0	0.0	0.0	0.0	0.0	0.0	3.25034128584e-05	0.0	0.0	0.0	0.0	0.0	0.0	0.0	0.0
k__Bacteria;p__Proteobacteria;c__Alphaproteobacteria	0.328788533803	0.324039386003	0.353152862821	0.304080300817	0.330321496113	0.317658717473	0.277585085628	0.328539500534	0.314574143699	0.310160805796	0.344236907809	0.350923649202	0.325954254615	0.134834104636	0.213738571782	0.191995172969	0.217397394593	0.192262487757	0.184413674795	0.191111626828	0.162449841605	0.196723086362	0.310746973723	0.347158218126	0.140809136192	0.17819911845	0.153385570668	0.213195201745	0.357732818065	0.14323306565	0.842355460385	0.187772216083	0.312931823201	0.926672139339	0.18989908983	0.343464846058	0.396951544985	0.321247452486	0.219173952367	0.12509391435
k__Bacteria;p__Proteobacteria;c__Betaproteobacteria	0.0111070466562	0.00643172098266	0.00811043076593	0.00795549892787	0.00981598775253	0.00661722396266	0.00606980273141	0.00845398892236	0.014683679209	0.00498321258173	0.00467747542745	0.00498077044323	0.00492755754946	0.0496509530159	0.0259039617824	0.0237731295253	0.0286221226129	0.0202089454783	0.0181350324715	0.0150847064284	0.0157550158395	0.0247212097153	0.00594183643342	0.00427913100724	0.0437370914834	0.0181207584132	0.0413956238912	0.0246852384257	0.00428127604759	0.0476384919015	0.00841541755889	0.0384515374114	0.00839196138436	0.00629952173603	0.0205777601899	0.00722116457691	0.00753217484135	0.00658798995213	0.0168827253542	0.00676183320811
k__Bacteria;p__Proteobacteria;c__Deltaproteobacteria	0.0279338897942	0.0229420150516	0.0240090235256	0.026507971037	0.0269264251193	0.0280672591267	0.0229785389118	0.0250218637645	0.0271174398295	0.0239618307121	0.028349293638	0.0281192862997	0.025446789733	0.00964781551494	0.0132608516597	0.0147626709574	0.0201242004016	0.0162259222984	0.0139076093616	0.0168252494778	0.0149102428722	0.0142913854704	0.0262031296132	0.0264976958525	0.0102660673065	0.0151122927307	0.0112359550562	0.0153663130762	0.0281882245965	0.0120684179484	0.00304068522484	0.0133263992719	0.0257122125122	0.00178456706403	0.0190937870993	0.0246504299875	0.0204021113813	0.025072278307	0.0114561350618	0.0123966942149
k__Bacteria;p__Proteobacteria;c__Gammaproteobacteria	0.010907518872	0.0134933527832	0.0106348694811	0.0123372385717	0.0119172695344	0.00997378684227	0.0122479947973	0.0112719852298	0.0167559726457	0.0142427990811	0.0102082740748	0.0125149738352	0.0113628006178	0.00949094046592	0.0105427888971	0.00884955752212	0.0137274128029	0.00989226248776	0.0117632643058	0.00986307728011	0.0113199577614	0.0121621133928	0.0111455565397	0.0132214175993	0.00826145061353	0.00832575386553	0.00960969840331	0.0115495191831	0.0120860801697	0.0102536182569	0.00400428265525	0.00828837027888	0.0121462598984	0.00251623956028	0.0139493470518	0.00942033742533	0.0111499911037	0.0138869140718	0.00663249924631	0.00601051840721
k__Bacteria;p__Proteobacteria;c__TA18	0.0	0.0	0.0	0.0	0.0	0.0	0.0	0.0	0.0	0.0	0.0	3.15238635647e-05	3.67728175333e-05	0.0	4.11827691294e-05	4.02252614642e-05	4.6691880282e-05	3.26477309827e-05	0.0	0.0	0.0	3.60893572485e-05	7.38116327133e-05	0.0	0.0	0.000279857272791	0.0	0.0	0.0	0.0	0.0	9.75102385751e-05	0.0	8.92283532015e-06	0.0	0.0	0.0	4.73956111664e-05	0.0	0.0
k__Bacteria;p__Proteobacteria;c__Zetaproteobacteria	0.000665092614147	0.000464144813182	0.00053711462026	0.000341837844557	0.000330201422868	0.000671312575922	0.000541946672447	0.000728792148479	0.000503271263211	0.00056547093126	0.000600486710281	0.000315238635647	0.000404500992866	0.0	0.0	0.0	0.0	9.79431929481e-05	6.12670015929e-05	0.000232072406591	0.0	7.21787144971e-05	0.000479775612637	0.000658327847268	6.07459603936e-05	0.0	0.0	0.0	0.000757747973024	4.53699922871e-05	0.0	6.50068257167e-05	0.000441682178124	0.0	0.0	0.000689292982341	0.000385505011565	0.00066353855633	0.0	0.000375657400451
k__Bacteria;p__SBR1093;c__	0.0	0.0	5.3711462026e-05	0.0	0.0	0.0	0.0	0.0	0.0	0.0	0.0	0.0	0.0	0.0	0.0	0.0	0.0	0.0	0.0	0.0	0.0	0.0	0.0	0.0	0.0	0.0	0.0	0.0	0.0	0.0	0.0	0.0	0.0	0.0	0.0	0.0	0.0	0.0	0.0	0.0
k__Bacteria;p__SBR1093;c__VHS-B5-50	0.0	0.0	0.0	0.0	0.0	0.0	0.0	0.0	0.0	3.53419332037e-05	0.0	0.0	0.0	0.0	0.0	0.0	0.0	0.0	0.0	0.0	0.0	0.0	0.0	0.0	0.0	0.0	0.0	0.0	0.0	0.0	0.0	0.0	0.0	0.0	0.0	0.0	0.0	0.0	0.0	0.0
k__Bacteria;p__TM6;c__SBRH58	3.32546307073e-05	3.31532009416e-05	5.3711462026e-05	6.2152335374e-05	6.00366223396e-05	0.0	0.000108389334489	4.8586143232e-05	8.88125758607e-05	7.06838664075e-05	0.0	3.15238635647e-05	3.67728175333e-05	0.0	0.0	0.0	0.0	0.0	0.0	0.0	0.0	0.0	0.0	5.4860653939e-05	0.0	0.0	0.0	0.0	0.0	0.0	0.0	0.0	9.46461810266e-05	0.0	0.0	0.0	2.96542316589e-05	0.0	0.0	0.0
k__Bacteria;p__TM6;c__SJA-4	0.000332546307073	0.000232072406591	5.3711462026e-05	0.000217533173809	0.000270164800528	0.000191803593121	0.000650336006937	9.71722864639e-05	0.000118416767814	0.000141367732815	0.000126418254796	9.45715906942e-05	0.000183864087666	0.0	0.0	4.02252614642e-05	0.000186767521128	0.000130590923931	6.12670015929e-05	0.0	0.0	0.000108268071746	0.000147623265427	0.000329163923634	0.0	0.000209892954593	0.0	0.0	0.000113662195954	0.0	0.0	9.75102385751e-05	0.00028393854308	0.0	9.89315393748e-05	0.000131293901398	0.000237233853271	9.47912223328e-05	0.0	0.0
k__Bacteria;p__TM7;c__	0.0	6.63064018831e-05	0.000107422924052	0.0	0.000120073244679	0.000159836327601	0.000325168003468	9.71722864639e-05	2.96041919536e-05	7.06838664075e-05	0.0	0.0	0.000147091270133	0.0	0.0	4.02252614642e-05	0.000280151281692	3.26477309827e-05	0.0	0.0	4.22386483633e-05	3.60893572485e-05	7.38116327133e-05	0.0	0.0	0.0	0.0	0.0	0.0	0.0	0.0	0.0	6.30974540177e-05	0.0	4.94657696874e-05	0.000164117376748	5.93084633177e-05	4.73956111664e-05	0.0	0.0
k__Bacteria;p__TM7;c__SC3	0.000365800937781	0.000298378808474	0.000107422924052	0.000248609341496	0.000270164800528	0.000415574451761	0.000216778668979	0.000340103002624	0.000207229343675	0.00028273546563	6.3209127398e-05	0.000283714772082	0.000294182540266	7.84375245117e-05	0.000288279383906	8.04505229284e-05	0.000186767521128	9.79431929481e-05	0.000122534003186	0.0	8.44772967265e-05	3.60893572485e-05	3.69058163567e-05	0.000164581961817	0.000242983841575	0.0	7.39207569486e-05	0.000247843759294	7.57747973024e-05	9.07399845742e-05	2.14132762313e-05	9.75102385751e-05	0.000220841089062	1.78456706403e-05	0.000148397309062	0.000131293901398	0.000207579621612	0.000284373666998	0.0	0.0
k__Bacteria;p__TM7;c__TM7-1	0.000665092614147	0.00129297483672	0.00214845848104	0.000466142515305	0.00165100711434	0.00131065788632	0.00238456535877	0.000777378291711	0.00130258444596	0.00240325145785	0.000221231945893	0.000315238635647	0.003309553578	0.00172562553926	0.00102956922823	0.00120675784393	0.0051827987113	0.00117531831538	0.000551403014336	0.00116036203295	0.00109820485744	0.00129921686095	0.00132860938884	0.000164581961817	0.00157939497023	0.00167914363675	0.00155233589592	0.00114008129275	0.000227324391907	0.000998139830316	0.000385438972163	0.00169017746863	0.0010726567183	0.000124919694482	0.00237435694499	0.000951880785138	0.00305438586086	0.00137447272383	0.00150738619234	0.000751314800902
k__Bacteria;p__TM7;c__TM7-3	0.000232782414951	0.000364685210357	0.00026855731013	0.000217533173809	0.000180109867019	3.19672655201e-05	0.000108389334489	0.000145758429696	0.000148020959768	0.000176709666019	6.3209127398e-05	0.000283714772082	0.0002206369052	0.00101968781865	0.000617741536941	0.000362027353178	0.00046691880282	0.000261181847862	0.000122534003186	0.000696217219773	8.44772967265e-05	0.000469161644231	3.69058163567e-05	0.000164581961817	0.00176163285142	0.000559714545582	0.00140449438202	0.000446118766729	0.000265211790558	0.000998139830316	4.28265524625e-05	0.00019502047715	0.000220841089062	2.67685059605e-05	0.000296794618124	0.000229764327447	8.89626949766e-05	4.73956111664e-05	0.0	0.000375657400451
k__Bacteria;p__Tenericutes;c__Mollicutes	0.0	0.0	0.0	0.0	0.0	0.0	0.0	0.0	0.0	0.0	0.0	0.0	0.0	0.0	8.23655382588e-05	8.04505229284e-05	0.0	0.0	0.000122534003186	0.000116036203295	0.00012671594509	0.0	0.0	0.0	0.0	6.99643181977e-05	0.0	4.95687518588e-05	0.0	0.0	0.0	6.50068257167e-05	0.0	8.92283532015e-06	0.0	0.0	0.0	0.0	0.0	0.0
k__Bacteria;p__Verrucomicrobia;c__Opitutae	0.000299291676366	0.000663064018831	0.000322268772156	0.000155380838435	0.000480292978717	0.00012786906208	0.000650336006937	0.000194344572928	0.000266437727582	0.000247393532426	0.000347650200689	0.000283714772082	0.000257409722733	0.000156875049023	0.000823655382588	0.000804505229284	0.00144744828874	0.000946784198498	0.000367602009558	0.00116036203295	0.000971488912355	0.000721787144971	0.00022143489814	0.000219442615756	0.0	0.000699643181977	0.000295683027794	0.000495687518588	0.000113662195954	0.000499069915158	8.56531049251e-05	0.00120262627576	0.000220841089062	7.13826825612e-05	0.00103878116343	0.000328234753496	0.000355850779906	0.000379164889331	0.0	0.000751314800902
k__Bacteria;p__Verrucomicrobia;c__Verrucomicrobiae	0.000532074091317	0.000828830023539	0.00102051777849	0.000745828024488	0.00150091555849	0.000799181638003	0.00184261868632	0.000680206005247	0.00278279404364	0.000636154797667	3.1604563699e-05	0.000126095454259	0.00172832242406	0.000156875049023	8.23655382588e-05	0.000362027353178	0.000326843161974	9.79431929481e-05	6.12670015929e-05	0.00139243443955	0.0	0.000324804215237	0.00162385591969	0.000384024577573	0.000121491920787	0.000839571818373	0.000221762270846	0.000446118766729	0.000151549594605	0.000136109976861	6.42398286938e-05	0.000650068257167	0.000883364356248	0.000115996859162	9.89315393748e-05	0.000590822556292	0.000741355791471	0.000853121000995	0.0	0.000375657400451
k__Bacteria;p__Verrucomicrobia;c__[Methylacidiphilae]	0.0	3.31532009416e-05	0.0	3.1076167687e-05	0.0	3.19672655201e-05	0.0	4.8586143232e-05	0.0	0.0	0.0	0.0	0.0	0.0	0.0	0.0	0.0	0.0	0.0	0.0	0.0	0.0	0.00011071744907	5.4860653939e-05	0.0	0.0	0.0	0.0	0.0	4.53699922871e-05	0.0	0.0	3.15487270089e-05	0.0	0.0	0.0	0.0	0.0	0.0	0.0
k__Bacteria;p__Verrucomicrobia;c__[Pedosphaerae]	0.00299291676366	0.00368000530451	0.00300784187346	0.00332514994251	0.00372227058506	0.00313279202097	0.00357684803815	0.00276941016422	0.00384854495397	0.00392295458562	0.00474068455485	0.0042872454448	0.00386114584099	0.00423562632363	0.00485956675727	0.00426387771521	0.00359527478172	0.00444009141365	0.00294081607646	0.00313297748898	0.00485744456177	0.00350066765311	0.00335842928846	0.00307219662058	0.00461669298992	0.00419785909186	0.00332643406268	0.0033706751264	0.00439493824354	0.00512680912844	0.000813704496788	0.00403042319444	0.00328106760892	0.000303376400885	0.00336367233874	0.00328234753496	0.00326196548247	0.00298592350348	0.00361772686162	0.000751314800902
k__Bacteria;p__Verrucomicrobia;c__[Spartobacteria]	0.125569485551	0.154394456785	0.137501342787	0.134684110755	0.127307657671	0.145898599834	0.182744417949	0.127247109124	0.135616803339	0.155681215763	0.131980658007	0.114999054284	0.158380525116	0.0331006353439	0.0354171814513	0.0414722445696	0.0354858290143	0.0362063336598	0.0343707878936	0.0431654676259	0.0463357972545	0.0347179616731	0.140352819604	0.113287250384	0.0281861256226	0.0507241306933	0.0246156120639	0.0268662635075	0.14802606653	0.0258155256114	0.00695931477516	0.0326659299226	0.129255134555	0.00286423013777	0.043678274634	0.139204358958	0.104412549671	0.154509692402	0.0256255652698	0.0300525920361
k__Bacteria;p__WPS-2;c__	0.000199527784244	0.000331532009416	0.00026855731013	9.3228503061e-05	0.000120073244679	6.39345310402e-05	0.000433557337958	9.71722864639e-05	0.000207229343675	0.000247393532426	9.4813691097e-05	0.0	0.000147091270133	0.00447093889717	0.00745408121242	0.0053901850362	0.00723724144371	0.00734573947111	0.00741330719275	0.00626595497795	0.00667370644139	0.00848099895341	0.000147623265427	5.4860653939e-05	0.00419147126716	0.00741621772896	0.00450916617386	0.00877366907901	3.78873986512e-05	0.00530828909759	0.00107066381156	0.00549307677306	0.0	0.000339067742166	0.00885437277404	0.000131293901398	0.000148271158294	0.000236978055832	0.00602954476937	0.00262960180316
k__Bacteria;p__WS2;c__SHA-109	0.0	0.0	0.0	0.0	0.0	0.0	0.0	0.0	2.96041919536e-05	0.0	0.0	3.15238635647e-05	0.0	0.0	4.11827691294e-05	0.0	0.0	3.26477309827e-05	0.0	0.0	4.22386483633e-05	3.60893572485e-05	0.0	0.0	0.0	0.0	0.0	9.91375037177e-05	0.0	0.0	0.0	3.25034128584e-05	3.15487270089e-05	0.0	0.0	0.0	0.0	0.0	0.0	0.0
k__Bacteria;p__WS3;c__PRR-12	0.000931129659805	0.00106090243013	0.00112794070255	0.00146057988129	0.00150091555849	0.00102295249664	0.000867114675916	0.00136041201049	0.00118416767814	0.00127230959533	0.00158022818495	0.00154466931467	0.00125027579613	0.0	0.0	0.0	9.3383760564e-05	3.26477309827e-05	0.0	0.000116036203295	0.0	7.21787144971e-05	0.00140242102155	0.00148123765635	0.0	0.0	0.000147841513897	0.0	0.00106084716223	9.07399845742e-05	2.14132762313e-05	9.75102385751e-05	0.00082026690223	8.92283532015e-06	0.0	0.00131293901398	0.000978589644742	0.00113749466799	0.0	0.0
k__Bacteria;p__WS4;c__	6.65092614147e-05	0.0	5.3711462026e-05	9.3228503061e-05	0.0	6.39345310402e-05	0.0	0.0	2.96041919536e-05	3.53419332037e-05	0.0	0.000189143181388	0.0	0.0	0.0	0.0	0.0	0.0	0.0	0.0	0.0	0.0	3.69058163567e-05	0.0	0.0	0.0	0.0	0.0	0.0	0.0	0.0	0.0	6.30974540177e-05	0.0	0.0	0.0	2.96542316589e-05	0.0	0.0	0.0
k__Bacteria;p__[Thermi];c__Deinococci	0.000565328722025	9.94596028247e-05	0.000214845848104	0.000652599521427	0.000240146489359	0.000287705389681	0.000108389334489	0.00048586143232	0.000266437727582	0.00028273546563	0.0	6.30477271294e-05	0.0001103184526	0.0	0.0007001070752	0.000241351568785	0.000186767521128	0.00035912504081	0.0	0.00162450684614	4.22386483633e-05	0.000144357428994	0.000147623265427	0.0	0.000121491920787	0.0	0.0	0.000892237533459	0.0	0.000136109976861	0.0003426124197	6.50068257167e-05	0.000914913083257	0.000356913412806	0.000148397309062	0.000459528654894	0.000148271158294	0.000379164889331	0.0	0.000751314800902