"CBN1.1"	"CBN10.1"	"CBN10.2"	"CBN11.1"	"CBN12.1"	"CBN13.1"	"CBN13.2"	"CBN17.1"	"CBN6.2"	"CBN7.1"	"CBN9.2"
"352825"	0	0	0	0	0.000510464522715671	0	0	0	0	0	0
"206494"	0.000755287009063444	0	0	0.000634115409004439	0	0	0	0	0	0	0
"198194"	0.000755287009063444	0	0	0	0	0	0	0	0	0	0.000512032770097286
"276580"	0	0	0	0	0	0	0.000315756236185665	0	0.0010611956137248	0	0.000512032770097286
"198770"	0	0	0	0	0	0	0.000631512472371329	0	0	0	0
"356632"	0	0	0	0.000634115409004439	0	0	0	0.000432900432900433	0	0	0
"276622"	0.000755287009063444	0	0	0.00126823081800888	0	0	0	0	0	0.00554400554400554	0
"4356342"	0	0.00042863266180883	0	0	0	0	0	0	0.000353731871241599	0	0
"390896"	0.000755287009063444	0	0.00108342361863489	0	0.00102092904543134	0	0	0	0.000353731871241599	0.000346500346500347	0
"842786"	0	0	0	0	0.000510464522715671	0.000325414904002603	0	0	0	0	0
"827195"	0	0	0	0.000634115409004439	0	0	0	0	0	0	0
"592160"	0	0	0	0	0	0.000325414904002603	0	0	0	0	0
"318231"	0	0	0	0	0.00102092904543134	0	0	0	0	0	0
"276629"	0	0	0.000722282412423258	0.000634115409004439	0	0	0	0	0.000353731871241599	0.000693000693000693	0
"1136443"	0	0.00085726532361766	0.000722282412423258	0.00380469245402663	0.00153139356814701	0.0357956394402864	0.00284180612567098	0	0.000707463742483198	0	0
"273240"	0	0	0	0	0.000510464522715671	0	0	0	0	0	0
"329712"	0	0	0	0	0.00255232261357836	0	0	0	0	0	0.000512032770097286
"193359"	0.000755287009063444	0	0.000361141206211629	0	0	0	0	0	0	0	0
"320835"	0	0	0	0.000634115409004439	0	0	0	0	0	0	0
"376516"	0	0.00042863266180883	0.000722282412423258	0.000634115409004439	0	0.0165961601041328	0.000947268708556994	0	0	0	0
"409947"	0	0	0	0	0	0	0.000315756236185665	0	0	0	0
"275150"	0	0	0	0	0	0	0	0	0.000353731871241599	0	0
"276531"	0	0	0	0	0	0.00195248942401562	0	0	0.000353731871241599	0	0
"349175"	0	0	0	0	0	0	0	0.000432900432900433	0	0	0
"48899"	0	0	0	0	0.00153139356814701	0	0	0	0	0	0
"194950"	0	0	0.000361141206211629	0.000634115409004439	0	0	0	0	0	0	0
"433676"	0.000755287009063444	0	0	0	0	0	0	0	0	0.00173250173250173	0
"342962"	0.000755287009063444	0	0	0	0	0	0	0	0	0	0.003584229390681
"264014"	0	0	0	0	0.000510464522715671	0	0	0	0	0	0
"199181"	0	0.00042863266180883	0.00325027085590466	0.000634115409004439	0.000510464522715671	0.00097624471200781	0.00378907483422798	0	0.000353731871241599	0	0.000512032770097286
"244484"	0	0	0	0	0	0	0	0	0	0	0.000512032770097286
"354736"	0	0.00042863266180883	0.000361141206211629	0.000634115409004439	0.000510464522715671	0	0.000315756236185665	0	0.000353731871241599	0.000693000693000693	0
"275397"	0	0	0	0	0	0.0218027985681744	0	0	0	0	0
"334761"	0	0.00128589798542649	0.0025279884434814	0.000634115409004439	0.00153139356814701	0	0	0	0.0010611956137248	0.00485100485100485	0
"343030"	0	0.00042863266180883	0	0.00190234622701332	0.000510464522715671	0.00162707452001302	0.000315756236185665	0.0012987012987013	0.000353731871241599	0	0
"301149"	0	0	0	0	0	0.00162707452001302	0	0	0	0	0
"909065"	0	0	0	0	0	0	0	0.000432900432900433	0	0	0
"129394"	0	0	0	0	0	0	0	0	0.000707463742483198	0	0
"839598"	0	0.00042863266180883	0	0	0.00102092904543134	0	0	0	0	0	0
"834948"	0	0	0	0	0	0.000325414904002603	0	0	0	0	0
"318045"	0	0	0	0	0.000510464522715671	0	0	0	0	0	0
"416078"	0	0.00042863266180883	0.000361141206211629	0	0	0	0	0	0	0	0
"413695"	0	0	0	0	0.000510464522715671	0	0	0	0	0	0
"348376"	0	0	0	0	0	0	0.000631512472371329	0.000432900432900433	0	0.0246015246015246	0
"336696"	0	0.00300042863266181	0	0.00126823081800888	0.000510464522715671	0.00130165961601041	0.000315756236185665	0	0	0	0
"196571"	0	0.00042863266180883	0	0	0.00102092904543134	0	0	0	0	0.000346500346500347	0.00153609831029186
"303797"	0	0	0.000361141206211629	0	0	0	0	0	0	0	0
"399245"	0	0	0	0	0	0.000325414904002603	0	0	0	0	0
"444241"	0	0	0	0	0.00204185809086269	0	0	0	0	0	0
"196085"	0	0	0.000361141206211629	0	0	0	0	0	0	0	0
"310877"	0	0	0	0.000634115409004439	0	0	0	0	0	0	0
"195100"	0	0	0	0	0	0.000325414904002603	0	0	0	0	0
"463794"	0.0377643504531722	0.00771538791255894	0	0.123652504755866	0.00663603879530373	0	0.00284180612567098	0.00173160173160173	0.000353731871241599	0.15003465003465	0.0281618023553507
"1111586"	0	0	0	0	0	0.000325414904002603	0	0	0	0	0
"276218"	0	0	0	0	0	0	0	0	0.000353731871241599	0	0
"211039"	0	0	0.000361141206211629	0	0	0	0	0	0	0	0
"269828"	0	0	0	0	0	0.000325414904002603	0	0	0	0	0
"288438"	0	0	0	0	0.000510464522715671	0	0	0	0	0	0
"1109422"	0	0	0	0	0	0.000325414904002603	0	0.000432900432900433	0	0	0
"264734"	0	0.00042863266180883	0	0.000634115409004439	0	0	0	0	0	0	0.000512032770097286
"569030"	0	0	0	0	0.00102092904543134	0	0	0	0	0	0
"273540"	0	0	0	0	0	0.00097624471200781	0	0	0	0	0
"182806"	0	0	0	0	0	0	0	0.000432900432900433	0	0	0
"335966"	0	0	0	0	0	0	0.000315756236185665	0	0	0	0.00102406554019457
"1107027"	0	0	0	0	0.000510464522715671	0	0	0	0	0	0
"4405128"	0	0	0.00902853015529072	0	0.00102092904543134	0.000325414904002603	0.000947268708556994	0	0	0	0
"173739"	0.000755287009063444	0	0	0	0	0.00097624471200781	0	0	0	0	0
"275305"	0	0	0	0	0	0	0	0	0.000353731871241599	0	0
"352843"	0	0	0.00108342361863489	0	0	0.000650829808005207	0.000631512472371329	0	0.0010611956137248	0	0
"185614"	0.00302114803625378	0.00042863266180883	0	0	0.00408371618172537	0	0.00473634354278497	0.000432900432900433	0.0014149274849664	0	0
"227788"	0	0	0	0.000634115409004439	0	0	0	0	0	0	0
"349459"	0	0	0	0	0	0.000325414904002603	0	0	0	0	0
"183545"	0	0.00042863266180883	0	0	0	0	0	0	0	0	0.000512032770097286
"270662"	0	0	0	0.00317057704502219	0.000510464522715671	0.000325414904002603	0	0	0	0	0
"271449"	0	0	0	0	0.000510464522715671	0	0	0	0	0	0
"262633"	0	0	0	0.0323398858592264	0	0	0	0	0	0	0
"271766"	0.000755287009063444	0	0	0	0	0	0	0	0	0	0
"4481359"	0	0	0	0	0	0	0.000315756236185665	0	0	0	0
"276996"	0	0	0	0.000634115409004439	0	0	0	0	0	0	0
"193418"	0.000755287009063444	0	0.0588660166124955	0.0228281547241598	0.0469627360898418	0.00585746827204686	0.0135775181559836	0	0.00176865935620799	0	0
"264021"	0	0	0	0	0.000510464522715671	0	0	0	0	0	0.000512032770097286
"264023"	0	0.00042863266180883	0	0	0	0	0	0	0	0	0
"274083"	0	0	0.000361141206211629	0	0	0.000325414904002603	0.000631512472371329	0	0	0	0
"190026"	0	0	0	0.000634115409004439	0	0	0.00221029365329965	0	0.000707463742483198	0	0
"273724"	0	0	0	0	0.000510464522715671	0	0	0	0	0.000346500346500347	0
"1110008"	0	0	0	0	0	0.000325414904002603	0	0	0	0	0
"309696"	0	0	0	0.000634115409004439	0	0	0	0	0	0	0
"350242"	0	0	0	0	0	0	0	0	0	0.00207900207900208	0
"2901246"	0	0	0	0	0.00153139356814701	0	0	0	0	0	0
"322059"	0.00226586102719033	0.00171453064723532	0.000361141206211629	0	0.00204185809086269	0	0	0	0.00212239122744959	0.000346500346500347	0.00307219662058372
"826303"	0	0	0	0	0	0	0.000315756236185665	0	0	0	0
"272905"	0	0	0	0.00126823081800888	0	0	0	0	0	0	0
"197924"	0	0.00085726532361766	0	0	0.000510464522715671	0	0	0.00173160173160173	0	0	0.00153609831029186
"354957"	0.000755287009063444	0.00085726532361766	0	0.00190234622701332	0.00459418070444104	0.000325414904002603	0	0.000432900432900433	0	0.00103950103950104	0.003584229390681
"342105"	0	0.00042863266180883	0	0	0	0.000325414904002603	0	0	0.0010611956137248	0	0.000512032770097286
"445144"	0.00377643504531722	0.00085726532361766	0.000722282412423258	0.00126823081800888	0.00459418070444104	0	0	0.0012987012987013	0.000707463742483198	0.000346500346500347	0
"340447"	0	0	0	0	0	0	0	0	0.000353731871241599	0	0
"345126"	0	0	0	0	0.000510464522715671	0	0	0	0	0	0.000512032770097286
"264352"	0.000755287009063444	0	0	0	0	0	0	0	0	0	0
"348038"	0	0	0.0180570603105814	0	0	0	0	0	0	0	0
"339905"	0	0	0	0	0	0	0.000315756236185665	0	0	0.00415800415800416	0.000512032770097286
"178026"	0	0	0	0	0.000510464522715671	0	0	0	0	0	0
"191606"	0	0	0	0	0	0	0	0	0	0.000346500346500347	0
"274018"	0	0	0	0	0	0.000325414904002603	0	0	0	0	0
"372906"	0	0	0	0	0	0.00097624471200781	0	0	0.000353731871241599	0	0
"356073"	0.000755287009063444	0	0	0	0	0	0	0	0	0	0
"838338"	0	0	0	0	0	0.000325414904002603	0	0	0	0	0
"199600"	0	0	0	0	0	0	0	0	0	0	0.000512032770097286
"530866"	0	0	0	0	0	0.000325414904002603	0	0	0	0	0
"271880"	0	0	0	0.000634115409004439	0.00102092904543134	0	0	0.00216450216450216	0.000353731871241599	0	0.000512032770097286
"355097"	0	0.00085726532361766	0	0.0196575776791376	0.000510464522715671	0.000325414904002603	0.00410483107041364	0	0.00247612309869119	0	0
"265182"	0	0	0	0.00126823081800888	0.00408371618172537	0	0	0	0	0	0
"262556"	0	0.00042863266180883	0	0	0.0071465033180194	0	0	0	0.000353731871241599	0	0.00665642601126472
"343264"	0	0	0.000361141206211629	0	0.00153139356814701	0.00130165961601041	0	0	0.00601344181110718	0	0
"193859"	0	0	0	0	0	0	0	0	0	0.000693000693000693	0.00256016385048643
"318766"	0	0	0.000361141206211629	0.000634115409004439	0	0	0	0	0	0	0
"276542"	0	0	0.000361141206211629	0	0.000510464522715671	0	0.000315756236185665	0	0.0014149274849664	0.000346500346500347	0
"850905"	0	0	0	0	0	0	0	0.000432900432900433	0	0	0
"1108244"	0	0	0	0	0	0	0	0.000432900432900433	0	0	0
"628218"	0	0	0	0	0.00102092904543134	0	0	0	0	0	0
"351465"	0	0	0	0	0	0.000650829808005207	0	0	0.000353731871241599	0	0.00102406554019457
"1110135"	0	0	0	0	0.00204185809086269	0.000650829808005207	0	0.000432900432900433	0	0	0
"273208"	0	0	0.00108342361863489	0	0.000510464522715671	0	0.000315756236185665	0.000432900432900433	0.000353731871241599	0	0
"34757"	0.000755287009063444	0	0	0.00507292327203551	0.111791730474732	0.000325414904002603	0.0157878118092832	0	0.0495224619738238	0	0
"457371"	0	0	0	0	0	0	0	0	0	0.000346500346500347	0
"351309"	0	0	0	0	0	0	0	0	0	0	0.00204813108038914
"276149"	0.00604229607250755	0	0.000722282412423258	0	0.00102092904543134	0	0	0.00303030303030303	0	0	0.00153609831029186
"334267"	0	0.00042863266180883	0.000722282412423258	0	0	0	0	0.000432900432900433	0	0	0
"195885"	0	0	0	0.00380469245402663	0	0	0	0	0	0	0
"193254"	0	0	0	0	0	0	0.000315756236185665	0	0	0	0
"326055"	0	0	0	0	0	0	0	0	0.000353731871241599	0	0
"1105376"	0	0	0.00180570603105814	0	0	0.000325414904002603	0.000315756236185665	0	0	0	0
"325126"	0	0	0	0.000634115409004439	0	0	0	0	0	0	0
"315496"	0.000755287009063444	0.00171453064723532	0	0.00507292327203551	0	0.00162707452001302	0	0.00173160173160173	0.0010611956137248	0.000693000693000693	0
"225757"	0	0	0	0	0.00306278713629403	0.000325414904002603	0	0	0	0	0
"564211"	0	0	0	0	0.000510464522715671	0	0	0	0	0	0
"199307"	0	0	0	0	0	0	0	0	0.000353731871241599	0	0.000512032770097286
"406247"	0	0	0	0	0	0.000325414904002603	0	0	0	0	0
"274901"	0	0	0	0.000634115409004439	0	0	0	0	0.000707463742483198	0	0.00102406554019457
"183682"	0	0	0	0	0	0	0	0	0	0	0.000512032770097286
"271830"	0	0	0.000722282412423258	0	0.00102092904543134	0	0	0	0	0	0.000512032770097286
"351859"	0	0.00128589798542649	0.00216684723726977	0.00951173113506658	0.00204185809086269	0	0	0	0	0	0
"1845355"	0	0.00042863266180883	0	0	0	0	0	0	0.000353731871241599	0	0.000512032770097286
"214116"	0.00755287009063444	0	0	0.000634115409004439	0	0	0	0	0.00176865935620799	0	0.014336917562724
"835456"	0	0	0	0	0	0	0.00221029365329965	0	0	0	0
"179188"	0	0.00085726532361766	0	0	0	0	0	0	0	0	0
"348393"	0	0	0	0.00570703868103995	0	0.00130165961601041	0.00157878118092832	0	0.000353731871241599	0	0
"269814"	0	0	0.00108342361863489	0	0	0.000325414904002603	0	0	0	0	0
"1111191"	0	0	0	0	0.00204185809086269	0.00097624471200781	0	0	0	0	0
"265985"	0	0	0	0.000634115409004439	0	0	0	0	0	0	0
"346275"	0	0	0	0	0.000510464522715671	0	0	0	0	0	0
"635495"	0	0	0	0	0.000510464522715671	0	0	0	0	0	0
"287507"	0	0	0.000361141206211629	0	0.000510464522715671	0	0	0	0.0010611956137248	0	0.000512032770097286
"341913"	0	0	0.000361141206211629	0	0.0132720775906075	0	0.000315756236185665	0	0.000353731871241599	0	0.000512032770097286
"450755"	0	0	0	0	0	0.000325414904002603	0	0	0	0	0
"274749"	0	0.00042863266180883	0.000361141206211629	0	0	0	0	0.0025974025974026	0.000707463742483198	0.00138600138600139	0
"837473"	0	0	0	0.00126823081800888	0	0.00455580865603645	0	0	0	0	0
"171396"	0	0	0	0.000634115409004439	0	0	0	0	0	0	0
"363383"	0	0	0	0	0.000510464522715671	0	0	0	0	0	0
"455671"	0	0	0	0	0	0	0	0.00173160173160173	0	0	0
"271593"	0	0	0	0	0	0.000650829808005207	0	0	0	0	0.00204813108038914
"543553"	0	0	0	0	0.000510464522715671	0	0	0	0	0	0
"829302"	0	0	0	0	0	0	0	0	0	0.00415800415800416	0
"1992"	0	0	0.000722282412423258	0	0	0	0	0	0	0	0
"452823"	0	0	0	0.00507292327203551	0	0	0	0	0	0.00415800415800416	0.00102406554019457
"1110187"	0	0	0	0	0	0	0	0	0.0010611956137248	0	0
"637934"	0	0	0	0	0.000510464522715671	0	0	0	0	0	0
"1111819"	0	0	0	0	0	0.000325414904002603	0	0	0	0	0
"275987"	0.000755287009063444	0	0	0	0	0	0	0	0	0	0
"451273"	0	0	0	0	0	0	0	0.000432900432900433	0	0	0
"228798"	0	0.00042863266180883	0	0	0	0	0	0	0	0	0
"256955"	0	0.00214316330904415	0	0	0	0	0	0	0	0.00103950103950104	0
"346570"	0	0	0	0.00126823081800888	0	0.000650829808005207	0.000315756236185665	0	0	0	0
"583107"	0	0	0	0	0.000510464522715671	0	0	0	0	0	0
"839200"	0	0	0	0	0	0	0	0.00432900432900433	0	0	0
"1067143"	0	0	0	0	0.00306278713629403	0.00227790432801822	0	0.000865800865800866	0	0	0
"348785"	0	0	0	0	0	0.000325414904002603	0	0	0	0	0
"261551"	0	0	0	0	0	0	0.000315756236185665	0	0	0	0
"276434"	0	0	0.000361141206211629	0	0	0	0	0	0	0	0.00102406554019457
"275349"	0	0	0	0	0	0	0	0	0.000353731871241599	0	0
"273500"	0	0.00128589798542649	0.0137233658360419	0.000634115409004439	0	0	0	0	0	0.00207900207900208	0.00614439324116743
"2808643"	0	0	0	0.00253646163601776	0	0	0	0	0	0	0
"335846"	0.000755287009063444	0	0	0.000634115409004439	0	0.000650829808005207	0	0	0	0.000346500346500347	0
"273504"	0	0	0	0	0.00153139356814701	0	0	0	0	0	0
"304047"	0	0	0	0	0	0.000325414904002603	0	0	0	0	0
"271406"	0	0	0	0.000634115409004439	0.00153139356814701	0	0.000315756236185665	0	0.000353731871241599	0	0
"352612"	0	0.00214316330904415	0	0	0.00204185809086269	0	0.00157878118092832	0	0.000707463742483198	0	0
"262677"	0	0	0	0	0	0	0.000315756236185665	0	0.000353731871241599	0	0
"572566"	0	0	0	0	0	0	0	0.000432900432900433	0	0	0
"325636"	0	0	0.000361141206211629	0.00317057704502219	0	0	0.000315756236185665	0	0.000353731871241599	0	0.000512032770097286
"189327"	0	0	0	0	0	0	0	0.000432900432900433	0	0	0
"317653"	0	0.00042863266180883	0	0	0	0	0	0	0	0	0
"231028"	0	0	0	0	0.000510464522715671	0	0	0	0	0	0
"266255"	0	0	0	0	0	0	0	0	0.000353731871241599	0	0
"261414"	0	0	0	0	0.000510464522715671	0	0	0	0	0	0
"198904"	0	0	0	0	0	0	0.000315756236185665	0.000432900432900433	0	0	0
"640999"	0	0	0.00180570603105814	0.00126823081800888	0.00102092904543134	0.000325414904002603	0	0	0	0	0
"732285"	0	0	0	0.000634115409004439	0	0	0	0	0	0	0
"190242"	0	0	0	0.00126823081800888	0.00102092904543134	0	0	0	0	0	0.000512032770097286
"196191"	0	0.00214316330904415	0.000722282412423258	0.000634115409004439	0.00102092904543134	0	0	0	0.000707463742483198	0	0
"659831"	0	0	0	0	0	0.00162707452001302	0	0	0	0	0
"196194"	0	0.00257179597085298	0	0.000634115409004439	0	0	0	0	0	0.000346500346500347	0
"178358"	0	0	0.000361141206211629	0	0	0	0	0	0.000353731871241599	0	0
"175646"	0.000755287009063444	0	0.00361141206211629	0	0.000510464522715671	0	0	0	0.00424478245489919	0.000346500346500347	0
"344085"	0.000755287009063444	0	0	0	0	0	0	0	0	0	0
"308224"	0	0	0	0	0	0	0	0	0	0	0.000512032770097286
"186194"	0	0.00042863266180883	0	0.000634115409004439	0	0	0	0	0	0	0.00256016385048643
"263518"	0	0	0	0	0.00102092904543134	0	0	0	0	0	0
"376862"	0	0	0	0.00317057704502219	0	0.00585746827204686	0	0	0	0	0
"334292"	0.000755287009063444	0	0.000361141206211629	0	0.00765696784073507	0.00292873413602343	0	0	0	0	0.00102406554019457
"430219"	0	0.00085726532361766	0	0	0	0	0.000631512472371329	0	0	0	0
"263106"	0	0	0	0	0	0	0.000315756236185665	0	0	0	0
"191558"	0	0	0	0	0	0	0	0.000432900432900433	0	0	0
"1107018"	0	0	0	0	0	0	0	0.000432900432900433	0	0	0
"4017244"	0	0	0	0	0	0	0	0	0.000707463742483198	0	0
"353954"	0	0	0	0	0.00612557427258806	0	0	0.000865800865800866	0	0	0
"344527"	0	0	0.000361141206211629	0.000634115409004439	0	0.000325414904002603	0	0	0	0	0
"356657"	0	0.00171453064723532	0.000722282412423258	0.0215599239061509	0.00867789688616641	0.00715912788805727	0.000315756236185665	0	0.00778210116731518	0	0
"188862"	0	0.00257179597085298	0.000722282412423258	0	0.000510464522715671	0.000325414904002603	0	0.000432900432900433	0	0	0
"275339"	0	0.00042863266180883	0	0	0	0	0	0	0	0	0
"398255"	0	0	0.00108342361863489	0.000634115409004439	0	0.00162707452001302	0	0	0.0014149274849664	0	0.00563236047107015
"262917"	0	0	0	0	0.000510464522715671	0	0	0	0	0	0
"259012"	0.000755287009063444	0.00042863266180883	0	0	0	0	0.000315756236185665	0.000432900432900433	0	0.000693000693000693	0
"349783"	0	0.00042863266180883	0	0	0.00102092904543134	0	0.000631512472371329	0	0.000353731871241599	0	0
"263704"	0	0	0.000361141206211629	0	0	0	0	0	0	0	0
"316381"	0	0	0.000361141206211629	0.00126823081800888	0	0	0.000315756236185665	0	0	0	0
"4343528"	0	0	0	0.00190234622701332	0	0	0	0	0	0	0
"336872"	0	0.00042863266180883	0	0	0	0	0	0	0.000353731871241599	0	0
"199080"	0	0	0	0	0	0	0.000315756236185665	0	0	0	0
"178106"	0	0	0.000722282412423258	0	0.000510464522715671	0.00097624471200781	0	0	0.000353731871241599	0	0
"4460604"	0	0	0	0.000634115409004439	0	0	0	0	0	0	0
"336277"	0	0.00342906129447064	0	0	0.0428790199081164	0	0	0	0	0	0
"260753"	0	0.00085726532361766	0	0	0.000510464522715671	0	0	0.000432900432900433	0	0	0.000512032770097286
"197410"	0	0	0.0025279884434814	0	0	0	0	0	0	0	0
"373449"	0.00830815709969789	0.00128589798542649	0.0130010834236186	0.00126823081800888	0.00204185809086269	0	0	0	0.00565970993986558	0.025987525987526	0
"349602"	0	0	0	0	0	0	0	0	0	0.000346500346500347	0
"267373"	0	0	0	0	0	0	0	0	0.000353731871241599	0	0
"3998909"	0	0	0	0	0.00255232261357836	0	0	0	0	0	0
"354905"	0.0173716012084592	0.00128589798542649	0	0.0475586556753329	0	0.00455580865603645	0	0.000432900432900433	0.000353731871241599	0.266112266112266	0.00102406554019457
"327900"	0	0.00042863266180883	0	0	0	0	0	0	0	0	0
"447141"	0.00151057401812689	0.00042863266180883	0.00216684723726977	0	0.00408371618172537	0.000325414904002603	0.00157878118092832	0	0.0176865935620799	0	0.00563236047107015
"592866"	0	0	0	0	0	0.000325414904002603	0	0	0	0	0
"4374042"	0.000755287009063444	0.00085726532361766	0.00577825929938606	0.0374128091312619	0.00918836140888208	0.250894890986007	0.0274707925481528	0.000432900432900433	0.00884329678103997	0	0.00614439324116743
"582627"	0	0	0	0	0	0.000325414904002603	0	0	0	0	0
"436341"	0.006797583081571	0.00300042863266181	0.0343084145901047	0.010145846544071	0.00408371618172537	0.015619915392125	0.0476791916640354	0.000865800865800866	0.0173328616908383	0.00346500346500346	0.00870455709165387
"276029"	0	0	0.00469483568075117	0.0152187698161065	0	0.000325414904002603	0	0	0.0336045277679519	0	0
"213147"	0	0	0.00180570603105814	0	0	0	0	0	0.0014149274849664	0.00173250173250173	0
"272273"	0	0	0	0	0	0.00455580865603645	0	0	0	0	0
"572476"	0	0.00214316330904415	0	0.000634115409004439	0	0	0	0.00216450216450216	0.000707463742483198	0.000346500346500347	0.00409626216077829
"192316"	0	0	0.000361141206211629	0	0	0	0	0	0	0	0
"343906"	0	0	0	0.000634115409004439	0.00510464522715671	0.000650829808005207	0	0	0.00212239122744959	0	0.000512032770097286
"438304"	0	0	0	0	0	0	0	0.000432900432900433	0	0	0
"750411"	0	0	0	0	0	0.000325414904002603	0	0	0	0	0
"351794"	0	0	0.000361141206211629	0.00380469245402663	0.000510464522715671	0.000650829808005207	0.00410483107041364	0	0	0	0.000512032770097286
"772398"	0	0	0	0	0	0.000325414904002603	0	0	0	0	0
"245324"	0	0	0	0	0	0.000650829808005207	0	0	0	0	0
"334870"	0	0.00042863266180883	0	0.000634115409004439	0	0	0	0	0	0	0
"267502"	0	0	0	0.000634115409004439	0	0	0	0	0	0	0
"242029"	0	0	0.000722282412423258	0	0	0	0	0	0	0	0.000512032770097286
"261631"	0	0	0	0.00253646163601776	0	0	0	0	0	0	0
"355162"	0	0	0.000361141206211629	0	0.00102092904543134	0.00162707452001302	0.000631512472371329	0	0.000353731871241599	0	0
"276894"	0	0	0.000361141206211629	0	0.000510464522715671	0	0	0	0	0	0
"3016478"	0	0	0	0	0	0	0	0	0	0.000693000693000693	0
"274317"	0	0	0.000361141206211629	0.000634115409004439	0	0	0	0	0	0	0.000512032770097286
"263207"	0	0	0.000361141206211629	0	0	0	0	0	0.000707463742483198	0	0
"263850"	0	0	0.00650054171180932	0	0.00255232261357836	0	0	0	0	0.00207900207900208	0.00102406554019457
"326644"	0	0	0	0	0	0	0	0.000432900432900433	0.000353731871241599	0	0
"571254"	0	0	0	0	0	0.000325414904002603	0	0	0	0	0
"353131"	0	0.00728675525075011	0.00108342361863489	0	0.000510464522715671	0	0	0.000865800865800866	0	0	0
"824790"	0	0	0	0	0	0	0	0.000432900432900433	0	0	0
"356353"	0	0.00042863266180883	0.000722282412423258	0.000634115409004439	0.0035732516590097	0.000325414904002603	0.000315756236185665	0	0.000353731871241599	0.000693000693000693	0.003584229390681
"214889"	0.0128398791540786	0.0085726532361766	0.00433369447453954	0.00443880786303107	0.000510464522715671	0	0	0.00822510822510823	0.00955076052352317	0.00658350658350658	0.00512032770097286
"851323"	0	0	0.000361141206211629	0	0	0	0	0.000865800865800866	0	0	0
"276110"	0	0	0	0	0.000510464522715671	0.000325414904002603	0	0	0	0	0
"194225"	0.000755287009063444	0	0	0	0	0	0	0	0	0	0
"262869"	0	0	0	0	0.000510464522715671	0	0	0	0	0	0
"830014"	0	0	0	0	0	0	0	0	0.000353731871241599	0	0
"277265"	0	0	0	0.00126823081800888	0	0	0	0	0	0	0.000512032770097286
"589277"	0	0	0	0	0	0	0	0.000432900432900433	0	0	0
"266676"	0	0	0.00397255326832792	0.010145846544071	0	0	0	0	0.0459851432614079	0	0
"827689"	0.00151057401812689	0	0	0.000634115409004439	0.00153139356814701	0	0	0	0	0	0.000512032770097286
"1107784"	0.0256797583081571	0.00728675525075011	0.229685807150596	0.0336081166772353	0.139867279224094	0.0953465668727628	0.00442058730659931	0.0887445887445888	0.112486735054828	0	0
"580629"	0	0.0321474496356622	0.00216684723726977	0	0	0.000650829808005207	0	0.00173160173160173	0	0	0
"355440"	0	0.00042863266180883	0.00180570603105814	0	0.00153139356814701	0	0.000947268708556994	0	0.000707463742483198	0	0.000512032770097286
"275895"	0	0	0	0	0	0.000650829808005207	0	0	0	0	0
"276050"	0	0	0	0	0.00204185809086269	0	0	0	0.000353731871241599	0	0
"274387"	0	0	0	0	0.00153139356814701	0.000650829808005207	0	0	0.000353731871241599	0	0
"531067"	0	0	0	0	0	0.00260331923202083	0	0.00173160173160173	0	0	0
"189362"	0	0	0	0	0	0.000650829808005207	0.00221029365329965	0	0.000353731871241599	0.000346500346500347	0
"331720"	0	0	0	0	0	0	0	0.000432900432900433	0	0	0.000512032770097286
"165241"	0	0	0	0	0	0.000325414904002603	0	0	0	0	0
"179708"	0.0143504531722054	0	0.00686168291802095	0	0	0	0	0	0	0	0
"198238"	0	0	0	0	0	0.00780995769606248	0	0	0	0	0
"354163"	0	0	0	0	0.000510464522715671	0	0	0	0	0	0
"270391"	0	0	0	0	0	0	0	0	0.00389105058365759	0	0
"198339"	0	0	0.000361141206211629	0	0	0	0	0	0	0	0
"383885"	0.00151057401812689	0	0	0	0	0	0	0	0	0.00415800415800416	0
"346870"	0	0	0.00108342361863489	0	0.000510464522715671	0	0.000315756236185665	0.000865800865800866	0	0	0.000512032770097286
"263057"	0	0	0	0	0.000510464522715671	0	0	0	0	0	0
"390633"	0.00151057401812689	0	0	0	0	0	0	0	0	0	0
"460611"	0	0	0	0	0	0.000650829808005207	0	0	0	0	0
"261744"	0	0	0.00180570603105814	0.010145846544071	0	0	0	0	0	0	0
"562376"	0	0.00171453064723532	0	0	0	0.000325414904002603	0	0	0	0	0
"353782"	0	0.00042863266180883	0.000361141206211629	0	0	0	0	0	0	0	0
"275974"	0.000755287009063444	0	0	0.00126823081800888	0	0	0	0	0.000353731871241599	0.000346500346500347	0
"194504"	0	0	0	0.000634115409004439	0	0	0	0	0.000353731871241599	0.000346500346500347	0
"211761"	0	0.00085726532361766	0	0	0	0	0	0	0	0	0.000512032770097286
"339031"	0	0	0	0.000634115409004439	0.000510464522715671	0	0	0	0.000353731871241599	0	0
"180834"	0	0	0	0	0	0	0	0.000432900432900433	0	0	0.000512032770097286
"319909"	0	0	0	0.000634115409004439	0	0	0.000947268708556994	0	0	0	0.00102406554019457
"331878"	0	0	0	0	0	0	0	0	0	0.000693000693000693	0
"268175"	0	0	0	0	0	0.000325414904002603	0	0	0	0	0
"1110312"	0	0	0	0	0	0.000325414904002603	0	0	0	0	0
"341343"	0	0	0	0.00380469245402663	0.00204185809086269	0	0	0	0	0	0
"264657"	0.000755287009063444	0	0	0	0	0	0	0	0	0	0
"272955"	0	0	0	0	0.000510464522715671	0	0	0	0	0	0
"272953"	0	0	0.000361141206211629	0.00126823081800888	0	0	0	0.0012987012987013	0.000353731871241599	0	0.00102406554019457
"138338"	0	0	0	0	0.000510464522715671	0	0	0	0	0	0
"275159"	0	0	0	0	0	0	0	0.000432900432900433	0	0	0
"4480555"	0	0	0.000361141206211629	0.00126823081800888	0	0.00195248942401562	0.000315756236185665	0	0	0	0
"565625"	0	0	0	0	0.00204185809086269	0.000325414904002603	0	0	0	0	0
"341213"	0	0	0	0.000634115409004439	0	0	0	0	0	0	0
"258995"	0	0.00171453064723532	0	0	0	0	0	0	0	0	0
"549756"	0.00377643504531722	0	0	0.00507292327203551	0	0.000650829808005207	0	0	0	0.0225225225225225	0
"268099"	0	0	0	0	0.000510464522715671	0	0	0	0	0	0
"328523"	0	0	0	0	0	0.000325414904002603	0	0	0	0	0
"336844"	0	0	0	0	0.00510464522715671	0	0	0	0	0	0
"270015"	0.000755287009063444	0	0	0.000634115409004439	0	0	0.000315756236185665	0	0	0	0
"4407190"	0	0	0	0.00126823081800888	0	0	0.000315756236185665	0	0	0	0.00204813108038914
"199445"	0.00151057401812689	0	0	0.00126823081800888	0	0	0	0	0	0.000346500346500347	0
"326940"	0	0.0265752250321474	0.00108342361863489	0.00317057704502219	0.00102092904543134	0.00097624471200781	0	0.000432900432900433	0	0.000346500346500347	0.00102406554019457
"290774"	0	0	0	0.000634115409004439	0.00102092904543134	0	0	0	0	0	0
"272004"	0	0	0.000361141206211629	0	0	0	0	0	0	0	0
"517797"	0	0	0	0	0	0.000325414904002603	0	0	0	0	0
"315309"	0	0	0	0	0.000510464522715671	0	0	0	0.000353731871241599	0	0.000512032770097286
"305880"	0	0	0	0	0	0.000325414904002603	0.00315756236185665	0	0	0	0
"826541"	0	0	0	0	0.00153139356814701	0	0	0	0	0	0
"206324"	0.00302114803625378	0	0	0	0.000510464522715671	0	0.000315756236185665	0.00346320346320346	0	0.00311850311850312	0.000512032770097286
"828435"	0.000755287009063444	0.00042863266180883	0	0	0.000510464522715671	0.00097624471200781	0.000315756236185665	0.00216450216450216	0.000353731871241599	0.000346500346500347	0.000512032770097286
"175077"	0	0	0	0	0	0.00227790432801822	0.00126302494474266	0	0	0	0
"271592"	0	0	0	0	0	0	0	0	0.000707463742483198	0	0.00102406554019457
"374863"	0.00226586102719033	0	0	0.00190234622701332	0	0	0	0	0	0.00311850311850312	0
"1143674"	0	0	0	0.00126823081800888	0	0.00618288317604946	0	0	0	0	0
"352789"	0	0.00042863266180883	0.000722282412423258	0.00317057704502219	0.0117406840224604	0.000650829808005207	0	0.000865800865800866	0.000707463742483198	0.000693000693000693	0
"351623"	0	0	0	0.00253646163601776	0	0.00162707452001302	0.00126302494474266	0.000865800865800866	0	0.000346500346500347	0
"228601"	0	0.0287183883411916	0	0	0.00102092904543134	0.00097624471200781	0.00126302494474266	0.0424242424242424	0.00530597806862398	0.0051975051975052	0.0419866871479775
"353982"	0	0	0.000722282412423258	0.000634115409004439	0	0	0	0.000432900432900433	0	0	0
"178558"	0.00226586102719033	0.0102871838834119	0	0	0.00816743236345074	0	0.000315756236185665	0.000865800865800866	0.0212239122744959	0.000346500346500347	0.000512032770097286
"277574"	0	0	0	0	0	0	0.000315756236185665	0	0	0	0
"181091"	0	0	0	0	0	0.000325414904002603	0	0	0	0	0
"328554"	0	0	0	0	0	0	0	0	0.000353731871241599	0	0
"4471525"	0	0	0	0	0	0.00097624471200781	0	0	0	0	0
"3028318"	0.0113293051359517	0	0	0	0.00408371618172537	0	0	0	0.00176865935620799	0	0
"337572"	0	0.00042863266180883	0	0	0.00102092904543134	0	0	0	0	0	0.000512032770097286
"352586"	0	0	0	0	0.00153139356814701	0	0	0	0	0	0
"228391"	0	0	0	0.000634115409004439	0	0	0.000315756236185665	0	0	0	0
"345860"	0	0	0	0	0	0	0	0	0	0	0.00153609831029186
"511229"	0	0	0.000722282412423258	0	0	0	0	0	0	0	0
"343630"	0	0.00042863266180883	0	0.00126823081800888	0.00153139356814701	0.000650829808005207	0.00252604988948532	0.00173160173160173	0	0	0.000512032770097286
"277497"	0	0	0	0	0	0	0	0	0.000353731871241599	0	0.000512032770097286
"340873"	0	0	0.00180570603105814	0	0.00816743236345074	0	0	0	0	0	0
"258980"	0	0	0	0	0.000510464522715671	0	0	0	0	0	0
"333330"	0	0	0	0	0	0	0	0	0.000353731871241599	0	0
"336214"	0.0120845921450151	0.00300042863266181	0.0498374864572048	0.183259353202283	0.0408371618172537	0.036121054344289	0.0198926428796969	0.00562770562770563	0.0700389105058366	0.00381150381150381	0.00512032770097286
"196349"	0.000755287009063444	0.00042863266180883	0	0	0.000510464522715671	0	0	0	0	0	0
"831409"	0	0	0	0	0.000510464522715671	0.00097624471200781	0	0	0	0	0
"198725"	0	0	0	0.010145846544071	0	0	0	0	0.000353731871241599	0	0
"261209"	0	0.00085726532361766	0	0.00317057704502219	0	0	0	0	0.000353731871241599	0	0
"558458"	0	0	0	0	0	0	0	0.000432900432900433	0	0	0
"262095"	0.0188821752265861	0	0	0	0	0.00260331923202083	0.0745184717398169	0	0	0	0
"453405"	0	0	0	0	0	0.000325414904002603	0.000315756236185665	0	0	0	0
"271563"	0	0.00042863266180883	0	0	0	0	0	0	0	0	0
"188548"	0	0	0	0.00126823081800888	0	0	0	0	0.000353731871241599	0	0
"354964"	0	0	0.0025279884434814	0.00317057704502219	0	0.00162707452001302	0	0	0.0010611956137248	0	0.00102406554019457
"356164"	0.0113293051359517	0.12087441063009	0.0267244492596605	0.00317057704502219	0.00765696784073507	0.14871461112919	0.521313545942532	0.241991341991342	0.0332507958967103	0.211365211365211	0.171018945212494
"270051"	0	0.00128589798542649	0.000361141206211629	0.000634115409004439	0.000510464522715671	0	0	0.000432900432900433	0	0.000693000693000693	0
"313130"	0.00151057401812689	0.0042863266180883	0.0400866738894908	0.00443880786303107	0.00867789688616641	0	0	0.000865800865800866	0.00495224619738238	0.0252945252945253	0
"345466"	0	0	0	0.00380469245402663	0.00102092904543134	0.000650829808005207	0	0	0.000353731871241599	0	0.000512032770097286
"336710"	0	0.195456493784826	0.0162513542795233	0.0196575776791376	0	0.034493979824276	0.000947268708556994	0.0216450216450216	0	0.00173250173250173	0.000512032770097286
"199414"	0.51963746223565	0.00042863266180883	0	0	0.00153139356814701	0.000325414904002603	0	0.0367965367965368	0.00318358684117439	0.00311850311850312	0.017921146953405
"337784"	0	0	0	0	0.000510464522715671	0	0	0	0	0	0
"174959"	0	0	0	0	0	0	0.000315756236185665	0	0	0	0
"418501"	0	0.00042863266180883	0.00325027085590466	0.00190234622701332	0.0137825421133231	0.000325414904002603	0.0129460056836123	0	0.00707463742483198	0	0
"343442"	0	0	0	0.000634115409004439	0	0	0	0	0	0	0
"566022"	0	0	0	0	0.000510464522715671	0	0	0	0	0	0
"352533"	0	0	0.000361141206211629	0	0.000510464522715671	0.00130165961601041	0	0	0	0	0
"268734"	0	0	0	0	0.00102092904543134	0	0	0	0	0	0
"778142"	0	0	0	0	0	0.000325414904002603	0	0	0	0	0
"276158"	0	0	0	0	0	0.000650829808005207	0	0	0	0	0
"206456"	0	0	0.00180570603105814	0.00126823081800888	0.000510464522715671	0	0	0.000865800865800866	0	0.000693000693000693	0
"350381"	0	0	0.000361141206211629	0	0	0	0	0	0	0	0
"272184"	0	0.00171453064723532	0	0.00126823081800888	0	0	0	0	0	0	0
"62970"	0	0	0	0	0	0.000325414904002603	0	0	0	0	0
"267743"	0	0	0	0	0.00102092904543134	0	0.000631512472371329	0.00173160173160173	0	0	0
"542096"	0	0	0	0	0.000510464522715671	0	0	0	0	0	0
"318470"	0	0	0	0	0.000510464522715671	0.00553205336804426	0	0	0	0	0
"3319465"	0	0	0	0	0.000510464522715671	0	0	0	0	0	0
"194903"	0	0	0	0	0	0	0.000315756236185665	0	0	0.000346500346500347	0
"318370"	0	0	0.00144456482484652	0.000634115409004439	0.00153139356814701	0.00162707452001302	0.00189453741711399	0	0.000353731871241599	0	0.00102406554019457
"3319463"	0	0	0.000361141206211629	0	0.00204185809086269	0.00130165961601041	0	0.000432900432900433	0.000353731871241599	0	0
"312062"	0	0	0	0.000634115409004439	0	0	0	0	0	0	0
"274455"	0	0	0.000361141206211629	0	0	0	0	0	0.000353731871241599	0	0
"1510067"	0	0	0	0.00126823081800888	0	0	0	0	0	0	0
"265367"	0	0	0	0	0.000510464522715671	0	0	0	0	0	0
"276721"	0	0	0	0	0.00153139356814701	0	0	0	0	0	0
"274597"	0	0	0	0	0	0.000650829808005207	0	0	0	0	0
"271482"	0	0	0	0	0	0	0.0476791916640354	0	0	0	0
"49406"	0	0	0	0	0	0.000650829808005207	0	0	0	0	0
"189681"	0	0	0	0	0	0.000325414904002603	0	0	0	0	0
"208409"	0	0	0.000722282412423258	0	0.00765696784073507	0	0	0.000865800865800866	0.0014149274849664	0	0
"262166"	0	0	0	0	0	0	0	0	0	0.000346500346500347	0
"1105328"	0	0	0	0	0.00153139356814701	0.00195248942401562	0	0	0	0	0
"926362"	0	0	0	0	0	0	0	0.000432900432900433	0	0	0
"577170"	0	0.0042863266180883	0.000361141206211629	0	0	0	0	0	0	0	0
"275580"	0	0	0	0	0	0.00162707452001302	0	0	0	0	0
"258177"	0	0	0	0	0	0.000325414904002603	0	0	0.000353731871241599	0	0
"620319"	0	0	0	0	0.00102092904543134	0	0	0	0	0	0
"347367"	0	0	0	0	0	0	0	0	0	0.00173250173250173	0
"346291"	0	0.00042863266180883	0	0	0	0.000325414904002603	0	0	0	0.0173250173250173	0.000512032770097286
"1110191"	0	0	0	0	0.000510464522715671	0.00097624471200781	0	0	0	0	0
"170555"	0	0	0	0	0	0	0	0	0.000707463742483198	0	0
"564989"	0	0	0	0	0	0	0	0.0012987012987013	0	0	0
"275616"	0	0.00042863266180883	0.00216684723726977	0.000634115409004439	0.000510464522715671	0	0	0	0.000353731871241599	0	0
"276656"	0	0.00471495927989713	0.000361141206211629	0.000634115409004439	0.00153139356814701	0	0.000947268708556994	0	0	0	0
"826727"	0	0	0	0.0133164235890932	0	0	0	0	0	0	0
"839215"	0	0	0	0.00570703868103995	0.00306278713629403	0	0	0	0	0	0
"348821"	0	0	0.000361141206211629	0	0	0.000325414904002603	0	0	0.000353731871241599	0	0.00102406554019457
"421893"	0	0	0	0	0	0.000325414904002603	0	0	0	0	0
"186555"	0	0	0.000361141206211629	0	0.000510464522715671	0	0.000315756236185665	0.000432900432900433	0	0	0.00102406554019457
"352812"	0	0	0	0	0.000510464522715671	0	0	0	0	0	0
"277293"	0	0.00128589798542649	0	0	0.0107197549770291	0	0	0	0.00389105058365759	0	0
"183480"	0	0	0	0	0	0	0.000315756236185665	0	0	0	0
"323583"	0	0	0	0	0	0.000325414904002603	0	0	0	0	0
"274521"	0	0	0	0	0.000510464522715671	0	0	0	0	0	0
"348027"	0.0120845921450151	0.183883411915988	0.000722282412423258	0.0114140773620799	0.00969882593159775	0.00325414904002603	0.0097884433217556	0.406493506493507	0.055535903784931	0.0644490644490645	0.469022017409114
"167719"	0.000755287009063444	0	0	0	0	0	0	0	0	0	0
"673925"	0	0	0.00108342361863489	0.00126823081800888	0	0.00162707452001302	0.000315756236185665	0	0.0014149274849664	0	0.0102406554019457
"191958"	0	0	0	0	0	0	0	0	0.000353731871241599	0	0
"771177"	0	0	0	0	0	0.000650829808005207	0	0	0	0	0
"268043"	0	0.00300042863266181	0	0	0.000510464522715671	0	0	0	0	0.000346500346500347	0.00307219662058372
"846141"	0	0	0	0	0.000510464522715671	0	0	0	0	0	0
"508788"	0	0	0	0	0.000510464522715671	0	0	0	0	0	0
"1108422"	0	0	0	0	0.000510464522715671	0	0	0.000432900432900433	0	0	0
"69782"	0	0	0	0	0.000510464522715671	0	0	0	0	0	0
"356226"	0.0128398791540786	0.017573939134162	0.00794510653665583	0.00507292327203551	0.0428790199081164	0.00097624471200781	0.00757814966845595	0.0108225108225108	0.00389105058365759	0.0114345114345114	0.00563236047107015
"4407703"	0	0.00085726532361766	0	0	0	0.000650829808005207	0	0	0	0	0.000512032770097286
"320972"	0	0.00214316330904415	0	0	0.000510464522715671	0	0	0	0	0	0
"343853"	0	0.00085726532361766	0.00108342361863489	0	0	0	0	0	0	0.000346500346500347	0
"199118"	0.000755287009063444	0	0	0	0	0	0	0	0	0	0
"334040"	0.0196374622356495	0.00171453064723532	0.00650054171180932	0	0.000510464522715671	0	0	0.0012987012987013	0	0	0.00512032770097286
"277204"	0	0.00085726532361766	0.000361141206211629	0	0	0	0	0	0	0	0
"4364243"	0	0	0	0	0.000510464522715671	0	0	0	0	0	0
"195840"	0	0	0.000361141206211629	0	0	0	0.000631512472371329	0.000432900432900433	0	0	0
"725048"	0	0	0	0.000634115409004439	0	0	0	0	0	0	0
"330353"	0	0	0	0	0	0	0	0	0	0.00346500346500346	0
"186872"	0	0.00042863266180883	0.000361141206211629	0	0	0	0	0	0	0	0
"194656"	0	0	0	0.000634115409004439	0	0	0	0	0.000353731871241599	0	0
"359984"	0	0	0.000361141206211629	0	0	0	0	0	0	0	0
"345802"	0	0	0.00108342361863489	0	0	0	0.000631512472371329	0	0.000353731871241599	0	0.000512032770097286
"196386"	0	0	0	0	0.000510464522715671	0	0	0	0	0	0
"355621"	0	0.00042863266180883	0	0	0	0	0.00315756236185665	0	0	0	0.00153609831029186
"416286"	0	0	0	0	0.000510464522715671	0.000325414904002603	0	0	0	0	0
"761408"	0	0	0	0	0	0.000650829808005207	0	0	0	0	0
"194429"	0.0936555891238671	0.0111444492070296	0.100397255326833	0	0.00102092904543134	0	0	0	0.00424478245489919	0.00242550242550243	0
"197013"	0	0	0	0	0	0.000650829808005207	0.00284180612567098	0	0	0.000693000693000693	0
"210056"	0	0	0	0	0	0	0	0	0	0	0.000512032770097286
"270480"	0	0	0.00180570603105814	0.00570703868103995	0	0.0660592255125285	0.00126302494474266	0	0	0.000346500346500347	0
"320070"	0	0	0	0	0	0	0.000315756236185665	0	0	0	0
"332560"	0	0	0.00144456482484652	0	0	0	0	0	0	0	0.000512032770097286
"1108595"	0	0	0	0	0.000510464522715671	0	0	0	0	0	0
"1109844"	0.00528700906344411	0	0	0	0.00102092904543134	0.000325414904002603	0	0	0	0	0
"268865"	0	0.00085726532361766	0.00108342361863489	0.000634115409004439	0	0	0.000631512472371329	0.000432900432900433	0.00247612309869119	0	0.000512032770097286
"350188"	0	0	0	0	0.00153139356814701	0	0	0	0	0	0
"188355"	0	0	0	0	0	0	0	0	0	0	0.000512032770097286
"4483963"	0	0	0	0	0	0	0	0	0.204103289706403	0	0
"274148"	0	0.00085726532361766	0	0	0.000510464522715671	0	0	0	0	0	0
"556676"	0	0	0	0	0	0.000325414904002603	0	0	0	0	0
"289627"	0	0	0	0	0	0	0	0	0	0.000346500346500347	0
"234912"	0	0	0	0	0	0.000325414904002603	0	0	0	0.000346500346500347	0
"199698"	0	0.00085726532361766	0.00108342361863489	0	0	0	0	0.000432900432900433	0	0	0
"259922"	0.000755287009063444	0	0	0	0	0	0	0	0	0	0
"260205"	0	0	0	0	0.000510464522715671	0	0	0	0	0	0
"185441"	0	0	0	0	0	0	0.000315756236185665	0	0.000353731871241599	0	0
"185185"	0	0	0	0	0	0	0.000315756236185665	0	0.00212239122744959	0	0
"329790"	0	0	0	0.00126823081800888	0	0	0	0	0	0	0
"835900"	0	0	0.00938967136150235	0.00634115409004439	0.0112302194997448	0.00195248942401562	0.00473634354278497	0	0.0275910859568447	0	0
"273705"	0	0	0	0	0	0	0	0	0	0	0.00204813108038914
"328905"	0	0	0	0.000634115409004439	0	0	0.000315756236185665	0	0	0	0
"275819"	0	0	0.000361141206211629	0	0	0	0	0	0	0	0.000512032770097286
"804526"	0	0	0	0	0.00255232261357836	0.000650829808005207	0	0	0	0	0
"213671"	0	0.00042863266180883	0	0	0.000510464522715671	0	0	0	0	0	0
"199354"	0	0.00557222460351479	0	0	0	0.000650829808005207	0	0	0	0	0
"303491"	0.00151057401812689	0	0	0	0	0	0	0.000432900432900433	0	0.00138600138600139	0
"556126"	0	0	0	0	0.000510464522715671	0	0	0	0	0	0
"324985"	0	0	0.000722282412423258	0.00443880786303107	0.000510464522715671	0.000325414904002603	0	0	0.0014149274849664	0	0
"349372"	0	0.00300042863266181	0	0.000634115409004439	0	0	0	0	0.000353731871241599	0	0
"192673"	0	0	0	0	0	0	0.000315756236185665	0	0	0	0
"558019"	0	0	0	0	0.000510464522715671	0	0	0	0	0	0
"338133"	0	0	0	0	0.000510464522715671	0	0	0.000865800865800866	0	0	0
"356012"	0	0.00042863266180883	0.000361141206211629	0.000634115409004439	0	0.000325414904002603	0	0.000432900432900433	0.000353731871241599	0	0.000512032770097286
"355175"	0	0	0.00108342361863489	0.00126823081800888	0.000510464522715671	0	0.000315756236185665	0	0.0014149274849664	0.0103950103950104	0
"189171"	0	0	0	0	0	0	0	0	0.000353731871241599	0	0
"268720"	0	0	0	0	0.000510464522715671	0	0	0	0	0	0
"576400"	0	0	0	0.000634115409004439	0	0	0	0	0	0	0
"345635"	0	0.00085726532361766	0.000722282412423258	0	0.00204185809086269	0	0.000315756236185665	0	0.00389105058365759	0.00173250173250173	0
"260607"	0	0	0	0	0.000510464522715671	0	0	0	0	0	0
"175563"	0	0	0	0	0.00102092904543134	0	0	0	0	0	0.000512032770097286
"1111570"	0	0	0	0	0	0.00162707452001302	0	0.000865800865800866	0	0	0
"273631"	0	0	0	0.000634115409004439	0.000510464522715671	0	0	0	0	0	0
"835872"	0	0	0	0	0.00816743236345074	0	0	0	0	0	0
"353026"	0	0	0	0.000634115409004439	0.00204185809086269	0	0	0	0	0	0
"747987"	0	0.00085726532361766	0	0	0	0.000650829808005207	0	0	0	0	0
"344329"	0	0.00342906129447064	0.00108342361863489	0.00697526949904883	0.00510464522715671	0.000325414904002603	0.000947268708556994	0.000865800865800866	0.0014149274849664	0.000693000693000693	0.000512032770097286
"826382"	0	0	0	0	0	0.000325414904002603	0	0	0	0	0
"274697"	0	0	0	0	0	0.00292873413602343	0	0	0	0	0
"198537"	0	0.00042863266180883	0	0	0	0	0	0	0	0	0
"273388"	0	0	0.000361141206211629	0	0	0	0	0	0	0	0
"354800"	0	0	0	0.000634115409004439	0	0	0	0	0	0	0
"232283"	0	0	0	0	0	0	0	0	0.000353731871241599	0	0
"263252"	0	0.00042863266180883	0.000361141206211629	0	0	0	0	0	0	0	0
"190473"	0	0	0	0	0	0	0	0	0.000353731871241599	0	0
"259846"	0	0	0	0	0	0.00097624471200781	0.000315756236185665	0	0	0	0
"274965"	0	0	0	0	0	0	0	0	0.000353731871241599	0	0
"276044"	0	0	0	0	0	0	0.000315756236185665	0	0	0	0.00204813108038914
"276511"	0	0.00042863266180883	0	0	0	0	0	0	0	0	0.000512032770097286
"829401"	0	0	0	0	0	0.000325414904002603	0.00505209977897063	0	0	0	0
"179719"	0	0	0	0.00126823081800888	0	0	0	0	0	0	0
"331737"	0.00151057401812689	0.00300042863266181	0.000361141206211629	0.00380469245402663	0.00102092904543134	0.000650829808005207	0	0.000432900432900433	0	0.00173250173250173	0.00460829493087558
"207462"	0	0	0.000361141206211629	0	0	0	0	0	0	0	0
"1111882"	0	0	0	0	0.000510464522715671	0.000325414904002603	0	0	0	0	0
"264534"	0.000755287009063444	0	0.00397255326832792	0.000634115409004439	0.000510464522715671	0	0	0	0.00176865935620799	0.00277200277200277	0
"419601"	0	0	0	0	0	0.00097624471200781	0	0	0	0	0
"275563"	0	0	0	0	0	0	0.000315756236185665	0	0	0	0
"303574"	0	0	0	0	0	0	0	0	0	0.000346500346500347	0
"277215"	0	0.00042863266180883	0	0.00380469245402663	0	0	0.00473634354278497	0.000432900432900433	0	0.000346500346500347	0
"350763"	0	0	0	0.00126823081800888	0.000510464522715671	0.000650829808005207	0	0	0	0	0
"4389435"	0.00528700906344411	0.00042863266180883	0.00722282412423257	0.0298034242232086	0.00867789688616641	0.0130165961601041	0.0173665929902116	0.0012987012987013	0.0130880792359392	0.00207900207900208	0.000512032770097286
"114024"	0	0	0	0.000634115409004439	0.000510464522715671	0.000325414904002603	0	0	0	0	0
"353657"	0	0	0	0.000634115409004439	0.000510464522715671	0	0	0	0	0	0
"352049"	0	0	0	0	0	0.000650829808005207	0	0	0	0	0
"270984"	0.00453172205438067	0	0.00469483568075117	0	0.000510464522715671	0.000325414904002603	0	0.000865800865800866	0.00530597806862398	0.00381150381150381	0.00870455709165387
"1105038"	0	0	0	0	0.0035732516590097	0.00260331923202083	0	0	0	0	0
"314284"	0	0.00042863266180883	0.0108342361863489	0.00253646163601776	0	0	0	0	0.0127343473646976	0.0097020097020097	0.00153609831029186
"259195"	0	0	0	0	0	0.000325414904002603	0	0.000432900432900433	0	0	0
"273136"	0	0	0	0.00126823081800888	0.000510464522715671	0	0	0	0.0010611956137248	0	0
"277364"	0	0	0.000722282412423258	0	0	0	0	0	0	0	0
"988358"	0	0	0	0	0.000510464522715671	0	0	0	0	0	0
"196020"	0	0	0	0.00126823081800888	0.000510464522715671	0	0	0	0	0	0
"271804"	0	0	0.000361141206211629	0	0	0.000325414904002603	0	0	0.000353731871241599	0	0
"705337"	0	0	0	0	0	0.00260331923202083	0	0	0	0	0
"195711"	0	0	0	0.000634115409004439	0	0	0	0	0.0010611956137248	0	0
"263839"	0	0	0	0	0	0	0	0	0.000353731871241599	0	0
"277946"	0	0	0	0	0.000510464522715671	0	0	0	0	0	0
"177621"	0	0	0	0.000634115409004439	0.00204185809086269	0	0	0	0	0	0
"2233608"	0	0	0	0	0	0	0.000315756236185665	0	0	0	0
"842596"	0	0	0	0	0	0.000325414904002603	0	0	0	0	0
"825939"	0	0	0	0.00190234622701332	0	0	0	0	0	0	0
"592514"	0	0	0	0	0.000510464522715671	0	0	0	0	0	0
"304080"	0.00151057401812689	0.00085726532361766	0	0.00126823081800888	0.00102092904543134	0	0	0	0	0	0.00102406554019457
"276414"	0.000755287009063444	0	0.00866738894907909	0	0	0	0	0	0	0	0
"331013"	0	0.00085726532361766	0.000361141206211629	0	0	0	0	0.000432900432900433	0	0	0
"260375"	0	0	0.00108342361863489	0	0	0.000325414904002603	0	0	0.0010611956137248	0	0
"273687"	0	0	0	0.000634115409004439	0	0	0	0	0	0	0
"182537"	0	0	0.000361141206211629	0	0	0	0	0	0	0	0
"331782"	0.000755287009063444	0	0.000361141206211629	0	0.00153139356814701	0	0.000315756236185665	0	0	0	0
"186464"	0	0	0	0	0	0	0	0	0.000353731871241599	0	0
"261574"	0	0	0	0.000634115409004439	0.00153139356814701	0	0	0	0	0	0
"411486"	0	0	0	0	0	0	0	0	0	0.000346500346500347	0
"291711"	0	0	0	0	0.000510464522715671	0	0	0	0	0	0
"264572"	0	0	0	0	0	0.000650829808005207	0	0	0.000353731871241599	0	0
"250270"	0	0	0	0.00126823081800888	0	0	0.000315756236185665	0.000432900432900433	0	0	0
"268962"	0	0.00214316330904415	0.000361141206211629	0	0.00204185809086269	0	0.000315756236185665	0	0	0	0
"797021"	0	0	0	0	0	0	0.000315756236185665	0	0	0	0
"339791"	0	0	0	0.00126823081800888	0	0	0	0	0.0169791298195967	0	0.000512032770097286
"192664"	0	0	0.000722282412423258	0	0	0.000325414904002603	0	0	0	0	0
"303076"	0.000755287009063444	0	0.000361141206211629	0	0	0	0	0	0	0	0
"264437"	0	0.00042863266180883	0	0	0	0	0	0	0	0	0
"175847"	0	0	0	0	0	0	0.000315756236185665	0	0	0	0
"753891"	0	0	0	0	0.000510464522715671	0	0	0	0	0	0
"354097"	0	0	0.000361141206211629	0	0	0	0.000315756236185665	0	0.000353731871241599	0	0.000512032770097286
"175706"	0	0	0	0	0	0	0.000631512472371329	0	0.00247612309869119	0.000346500346500347	0
"783719"	0	0	0	0.000634115409004439	0	0	0	0	0	0	0
"269019"	0	0	0	0	0	0.000325414904002603	0	0	0.000353731871241599	0	0
"348142"	0	0	0	0.000634115409004439	0.00153139356814701	0	0	0	0.000707463742483198	0	0.00102406554019457
"356590"	0	0.00257179597085298	0.000361141206211629	0	0.00153139356814701	0	0.000947268708556994	0	0.000353731871241599	0	0.00256016385048643
"4296496"	0	0	0	0	0	0	0.000315756236185665	0	0	0	0
"408877"	0	0	0	0	0.00102092904543134	0	0	0	0	0	0
"356455"	0	0	0	0.00380469245402663	0	0	0	0	0	0	0
"416341"	0	0	0	0.000634115409004439	0	0	0	0	0	0	0
"957807"	0	0	0	0	0.0188871873404798	0.00520663846404165	0	0	0	0	0
"333178"	0	0	0	0	0	0	0	0	0	0.00138600138600139	0
"188158"	0	0.00085726532361766	0	0	0	0	0	0	0.0014149274849664	0	0
"465433"	0	0	0	0	0.00102092904543134	0	0	0	0	0	0
"273459"	0	0	0	0	0	0	0	0	0.000353731871241599	0	0.000512032770097286
"346267"	0	0.00171453064723532	0	0	0	0	0	0	0.00212239122744959	0	0.00153609831029186
"197139"	0	0	0	0	0	0	0	0.000432900432900433	0	0	0
"3694599"	0	0	0	0.00126823081800888	0.00408371618172537	0	0	0	0.000353731871241599	0	0.003584229390681
"350579"	0	0	0	0	0	0.000325414904002603	0	0	0	0	0
"384555"	0.000755287009063444	0.00942991855979426	0.00722282412423257	0	0.000510464522715671	0	0	0.000432900432900433	0.000353731871241599	0	0
"275218"	0	0	0	0.000634115409004439	0.00102092904543134	0	0	0	0.000353731871241599	0	0
"1106614"	0	0	0	0	0.000510464522715671	0.000650829808005207	0	0	0	0	0
"187759"	0	0	0	0.000634115409004439	0	0	0	0	0	0	0
"356052"	0	0.0184312044577797	0.000361141206211629	0	0	0.00618288317604946	0.000315756236185665	0.0025974025974026	0	0	0
"271734"	0.00151057401812689	0	0	0.00253646163601776	0.00102092904543134	0	0	0.000432900432900433	0.000353731871241599	0	0.00307219662058372
"820458"	0	0	0	0	0.000510464522715671	0	0	0	0	0	0
"4308591"	0	0	0	0	0	0	0	0	0	0	0.000512032770097286
"356055"	0.000755287009063444	0.00128589798542649	0	0	0	0	0.000631512472371329	0	0	0	0.00153609831029186
"550814"	0	0.00128589798542649	0	0	0	0	0	0	0	0	0
"180725"	0	0	0	0	0.000510464522715671	0	0	0	0.000353731871241599	0	0
"326315"	0.00226586102719033	0	0.0664499819429397	0	0	0	0	0.00173160173160173	0	0.000346500346500347	0.00153609831029186
"306275"	0	0	0	0	0.00204185809086269	0	0	0	0	0	0
"275069"	0	0	0	0	0.00255232261357836	0	0	0	0	0	0
"196578"	0	0	0.00108342361863489	0.000634115409004439	0.000510464522715671	0	0	0	0.00707463742483198	0	0.00153609831029186
"267045"	0.0324773413897281	0.037719674239177	0.00975081256771398	0.00443880786303107	0.00663603879530373	0.00130165961601041	0.000315756236185665	0.00692640692640693	0.0102582242660064	0.00415800415800416	0.010752688172043
"193723"	0	0	0.00108342361863489	0	0	0	0	0	0	0	0
"267042"	0	0	0.000361141206211629	0	0	0.000650829808005207	0.00189453741711399	0	0	0	0
"338778"	0	0	0	0.00190234622701332	0	0	0	0	0	0	0
"444649"	0	0	0	0	0	0	0	0	0	0	0.000512032770097286
"270519"	0	0	0	0	0	0	0	0.0012987012987013	0	0	0.000512032770097286
"186162"	0	0	0.000361141206211629	0	0	0.000325414904002603	0	0	0.000707463742483198	0	0
"271325"	0	0	0	0	0.000510464522715671	0	0	0	0	0	0
"425767"	0	0	0	0	0	0.000650829808005207	0	0	0	0	0
"349142"	0	0	0.0025279884434814	0.00126823081800888	0	0.000325414904002603	0.00157878118092832	0	0	0	0
"199403"	0	0	0	0	0	0	0.000631512472371329	0.000432900432900433	0.00318358684117439	0	0
"1107652"	0	0.00042863266180883	0	0	0	0	0	0	0	0	0
"1517779"	0	0.00085726532361766	0	0	0.000510464522715671	0	0	0	0	0	0
"320169"	0.00226586102719033	0	0	0	0	0	0	0	0.000353731871241599	0	0.00102406554019457
"4334618"	0	0.00042863266180883	0	0	0	0	0	0	0	0	0.000512032770097286
"208571"	0	0	0	0	0	0.000325414904002603	0	0	0	0	0
"1107759"	0	0	0	0	0.000510464522715671	0.000325414904002603	0	0	0	0	0
"273778"	0	0	0	0	0	0	0	0	0.0010611956137248	0	0
"205134"	0	0	0.00108342361863489	0	0.000510464522715671	0	0	0	0	0.00138600138600139	0
"343923"	0	0	0.000361141206211629	0	0	0	0	0	0	0	0
"271811"	0	0	0	0	0	0	0	0	0.000353731871241599	0	0
"269243"	0	0	0	0	0.00153139356814701	0	0	0	0	0	0
"350404"	0	0	0	0.000634115409004439	0	0	0	0	0.0010611956137248	0	0
"336276"	0.000755287009063444	0	0	0	0.00306278713629403	0.000325414904002603	0.000315756236185665	0	0	0	0
"180584"	0	0	0	0	0	0	0.000315756236185665	0	0	0	0
"337494"	0	0.00085726532361766	0.00144456482484652	0.00126823081800888	0.000510464522715671	0.00846078750406769	0.0148405431007262	0	0.00247612309869119	0	0.000512032770097286
"324926"	0	0	0	0	0	0	0	0	0	0	0.000512032770097286
"266720"	0	0	0.000361141206211629	0	0.000510464522715671	0	0.000631512472371329	0	0	0	0
"3013444"	0.000755287009063444	0.00900128589798543	0	0.00317057704502219	0.0132720775906075	0	0.000315756236185665	0	0.0166253979483551	0	0
"351972"	0	0.00085726532361766	0	0	0	0.000325414904002603	0.000631512472371329	0.000865800865800866	0.000353731871241599	0	0
"275139"	0	0.00042863266180883	0	0	0	0.000325414904002603	0.00347331859804231	0	0	0	0
"401384"	0	0.00128589798542649	0	0	0	0.000325414904002603	0	0	0	0	0
"322585"	0	0	0	0	0	0	0	0	0	0	0.000512032770097286
"271490"	0	0	0.000361141206211629	0.00190234622701332	0.000510464522715671	0.000325414904002603	0.000315756236185665	0	0.000353731871241599	0	0.000512032770097286
"584765"	0	0	0	0	0.000510464522715671	0	0	0	0	0	0
"1104817"	0	0	0	0	0	0	0	0	0	0	0.000512032770097286
"337727"	0	0.00085726532361766	0.00216684723726977	0.00126823081800888	0.000510464522715671	0	0	0.0012987012987013	0.00282985496993279	0	0
"186043"	0	0	0	0	0	0.000325414904002603	0	0	0	0	0
"4403349"	0	0	0	0	0	0	0.000315756236185665	0	0	0.000346500346500347	0
"314810"	0	0.00471495927989713	0	0	0	0.000325414904002603	0.000315756236185665	0	0	0.000693000693000693	0
"1111448"	0	0	0	0	0	0	0	0.000432900432900433	0	0	0
"330118"	0	0	0	0	0	0.000650829808005207	0	0	0	0	0
"351881"	0.000755287009063444	0	0	0.00126823081800888	0.00102092904543134	0	0.00347331859804231	0	0	0	0
"179810"	0.000755287009063444	0	0	0	0.000510464522715671	0	0	0	0.0010611956137248	0	0
"263873"	0	0	0	0	0	0	0	0	0	0	0.00102406554019457
"347822"	0	0	0.000722282412423258	0.000634115409004439	0	0	0.000631512472371329	0	0	0	0
"544616"	0	0	0	0	0	0.00097624471200781	0	0	0	0	0
"176582"	0	0	0	0	0.000510464522715671	0	0	0	0	0	0
"181597"	0	0	0	0	0	0	0.000315756236185665	0	0	0	0
"321768"	0	0	0	0.00190234622701332	0.00153139356814701	0.000325414904002603	0	0	0.000707463742483198	0	0.000512032770097286
"196165"	0	0	0	0	0	0	0	0.000432900432900433	0	0	0
"264373"	0	0	0	0	0	0	0.000315756236185665	0	0	0	0
"343581"	0	0	0	0	0	0	0.000315756236185665	0	0	0	0
"291750"	0.000755287009063444	0	0	0	0	0	0	0	0.000353731871241599	0	0
"264155"	0	0	0	0	0.000510464522715671	0	0	0	0	0	0
"269902"	0	0	0	0	0.000510464522715671	0	0	0	0	0	0
"320224"	0	0	0	0	0	0	0.000315756236185665	0	0	0	0
"215317"	0	0	0	0	0	0.000325414904002603	0	0.000865800865800866	0	0	0
"303841"	0	0.00042863266180883	0	0	0	0	0.00189453741711399	0	0	0	0.000512032770097286
"199548"	0	0	0	0.000634115409004439	0	0	0	0	0	0	0
"304539"	0	0	0	0	0.000510464522715671	0	0	0	0	0	0
"316925"	0	0.00171453064723532	0	0.000634115409004439	0	0	0	0.000865800865800866	0	0	0.000512032770097286
"696563"	0	0	0	0	0	0.000325414904002603	0	0	0	0	0
"192749"	0	0	0.00830624774286746	0	0	0	0	0	0	0	0
"264974"	0	0.00042863266180883	0	0	0	0	0	0	0	0	0
"273100"	0.000755287009063444	0.00042863266180883	0	0.000634115409004439	0.000510464522715671	0.000325414904002603	0	0	0	0	0
"689975"	0	0	0	0	0	0	0	0.000865800865800866	0	0	0
"331747"	0	0	0.000361141206211629	0	0	0.000325414904002603	0	0	0	0	0
"2645488"	0	0	0	0	0	0	0.000315756236185665	0	0	0	0
"416043"	0.00151057401812689	0	0.000722282412423258	0	0.00153139356814701	0	0	0	0	0.00242550242550243	0
"2120784"	0	0	0	0	0	0	0.000315756236185665	0	0	0	0
"1109125"	0	0	0	0	0	0.000325414904002603	0	0	0	0	0
"1110378"	0	0	0	0	0.000510464522715671	0	0	0.000432900432900433	0	0	0
"259382"	0	0	0	0	0	0	0.0161035680454689	0	0	0	0.00460829493087558
"863682"	0	0	0	0	0.000510464522715671	0.00260331923202083	0	0	0.000353731871241599	0	0
"262454"	0	0	0	0.00126823081800888	0	0	0	0	0	0	0
"265522"	0	0	0	0	0	0	0	0	0.000353731871241599	0	0
"308249"	0.000755287009063444	0	0	0	0	0.000325414904002603	0	0	0	0	0
"269058"	0	0	0	0.000634115409004439	0	0	0	0	0	0	0
"354741"	0	0	0	0	0.000510464522715671	0	0	0	0	0	0
"4390755"	0	0.00042863266180883	0	0.000634115409004439	0	0	0	0	0	0	0
"354662"	0	0	0	0	0.00102092904543134	0.000650829808005207	0	0	0	0	0
"4420206"	0	0	0	0.000634115409004439	0.000510464522715671	0.000325414904002603	0	0	0	0	0
"51677"	0	0	0.00180570603105814	0.00380469245402663	0.000510464522715671	0.000325414904002603	0.00126302494474266	0	0.00282985496993279	0	0
"186886"	0	0	0.000361141206211629	0	0	0.000325414904002603	0.00442058730659931	0	0	0.000693000693000693	0
"511510"	0	0.00171453064723532	0	0	0	0.000325414904002603	0	0	0	0	0
"335952"	0	0	0.000722282412423258	0	0.000510464522715671	0	0.000315756236185665	0.000432900432900433	0	0	0
"328276"	0	0	0	0	0.000510464522715671	0	0	0	0	0	0
"1108453"	0	0	0	0	0.000510464522715671	0.000325414904002603	0	0	0	0	0
"427241"	0.00151057401812689	0.00214316330904415	0.00216684723726977	0.00507292327203551	0.0188871873404798	0.00162707452001302	0.000315756236185665	0.00476190476190476	0.00176865935620799	0.00173250173250173	0.000512032770097286
"819810"	0	0	0	0	0.00255232261357836	0	0	0	0	0	0
"258725"	0	0	0	0.000634115409004439	0	0	0	0	0	0	0
"1111328"	0	0	0.000722282412423258	0	0.000510464522715671	0	0	0	0	0	0
"372368"	0	0	0	0	0	0	0	0	0.000353731871241599	0	0.00102406554019457
"289918"	0	0	0	0	0	0	0	0	0	0.000346500346500347	0
"819181"	0	0	0	0	0	0	0	0.000432900432900433	0	0	0
"271672"	0	0.00171453064723532	0.00108342361863489	0.000634115409004439	0	0	0.00126302494474266	0	0	0	0
"338887"	0	0.0102871838834119	0.00902853015529072	0.00697526949904883	0.00408371618172537	0.00292873413602343	0	0.00649350649350649	0.0014149274849664	0.000346500346500347	0.00307219662058372
"277589"	0	0	0	0.000634115409004439	0.000510464522715671	0.000325414904002603	0.000315756236185665	0	0.000707463742483198	0	0
"210165"	0	0	0	0	0	0.000325414904002603	0	0	0	0	0
"185604"	0.00151057401812689	0.00042863266180883	0	0	0	0	0	0.000432900432900433	0	0	0
"192222"	0.000755287009063444	0.00042863266180883	0.000722282412423258	0	0	0	0	0	0	0	0
"331043"	0.00302114803625378	0.00042863266180883	0.0075839653304442	0	0.0035732516590097	0	0	0.00173160173160173	0.00778210116731518	0.0121275121275121	0.00460829493087558
"4383135"	0	0	0	0	0	0.000325414904002603	0	0	0	0	0
"194662"	0	0.00042863266180883	0	0	0	0	0	0	0.000353731871241599	0	0
"326567"	0	0	0	0	0.00102092904543134	0	0	0	0	0	0
"325918"	0.000755287009063444	0	0	0.000634115409004439	0	0	0	0	0	0.00242550242550243	0.000512032770097286
"344607"	0	0	0	0	0	0	0.000315756236185665	0	0	0	0
"261132"	0	0	0.000361141206211629	0	0	0	0	0	0.000353731871241599	0	0
"921813"	0	0	0	0	0.000510464522715671	0	0	0	0	0	0
"180606"	0	0	0	0	0	0	0	0.000432900432900433	0	0	0
"313069"	0	0.00042863266180883	0.000361141206211629	0	0	0	0	0	0	0	0
"165845"	0	0	0	0	0	0.000325414904002603	0	0	0	0	0
"331532"	0	0	0	0	0	0	0	0.000432900432900433	0	0	0
"340189"	0	0	0	0	0.000510464522715671	0	0	0	0	0	0
"348568"	0	0	0	0	0.000510464522715671	0	0	0	0	0	0
"584541"	0	0	0	0	0	0	0.000315756236185665	0	0	0	0.000512032770097286
"268475"	0	0	0	0	0.00102092904543134	0	0	0	0.000353731871241599	0	0
"264795"	0	0	0	0	0	0	0	0.000865800865800866	0	0	0
"422727"	0	0.00171453064723532	0.00108342361863489	0.00317057704502219	0.000510464522715671	0.00097624471200781	0.000315756236185665	0	0	0	0
"344198"	0	0	0	0	0.000510464522715671	0	0	0	0	0	0
"812122"	0	0	0	0	0.000510464522715671	0	0	0	0	0	0
"339549"	0	0	0	0	0	0	0	0.000432900432900433	0.000353731871241599	0	0
"589071"	0	0	0	0	0.000510464522715671	0	0	0.00779220779220779	0	0	0
"311466"	0	0	0	0	0	0	0	0	0	0	0.000512032770097286
"320123"	0.000755287009063444	0.00128589798542649	0	0	0.000510464522715671	0	0.000315756236185665	0.000865800865800866	0	0.000346500346500347	0
"270105"	0	0	0	0	0	0.000650829808005207	0	0	0	0	0
"354032"	0	0	0	0.000634115409004439	0.00153139356814701	0.000325414904002603	0	0	0	0	0
"4449524"	0	0	0	0	0	0	0	0	0.000707463742483198	0	0
"322062"	0	0.00171453064723532	0	0	0	0	0	0	0.000353731871241599	0.000346500346500347	0
"390497"	0	0	0.000361141206211629	0	0	0	0	0	0	0	0
"311734"	0	0	0.00180570603105814	0.00126823081800888	0	0	0	0	0.000707463742483198	0	0
"301578"	0	0	0	0	0.0112302194997448	0	0	0	0	0	0.000512032770097286
"330333"	0	0	0	0	0.00102092904543134	0	0	0	0	0	0
"1110763"	0	0	0	0	0.000510464522715671	0	0	0	0	0	0
"212341"	0	0	0	0	0	0.000325414904002603	0	0	0	0	0
"351927"	0	0	0	0	0.000510464522715671	0	0	0	0	0	0
"327284"	0	0	0	0	0.000510464522715671	0	0	0.0012987012987013	0	0	0
"344256"	0	0	0	0.000634115409004439	0	0	0	0	0	0	0
"331193"	0	0	0	0	0.000510464522715671	0	0	0	0	0	0
"335881"	0	0	0	0	0.00255232261357836	0.000325414904002603	0	0	0	0	0
"262399"	0	0	0	0	0	0	0	0	0	0	0.000512032770097286
"274021"	0	0.00042863266180883	0	0	0	0	0	0	0	0	0.000512032770097286
"356144"	0	0	0	0	0	0	0	0	0	0.000346500346500347	0
"348404"	0	0	0	0.00190234622701332	0	0	0	0	0.000353731871241599	0	0
"273784"	0	0.00042863266180883	0	0	0	0	0	0	0	0	0
"334582"	0	0	0	0	0.000510464522715671	0	0	0	0	0	0
"335330"	0	0	0	0	0.000510464522715671	0	0	0	0	0	0
"833390"	0	0	0	0	0	0	0	0	0	0	0.00102406554019457
"162005"	0	0	0	0	0.000510464522715671	0	0	0	0	0	0
"3906666"	0.00226586102719033	0.00128589798542649	0	0	0	0	0	0	0.00176865935620799	0	0
"1571092"	0	0.00171453064723532	0.00108342361863489	0	0	0.00195248942401562	0	0	0.0010611956137248	0	0.00102406554019457
"1844565"	0	0	0	0	0	0	0	0	0.00176865935620799	0	0.00204813108038914
"199532"	0	0	0	0	0	0.000325414904002603	0	0	0	0	0
"273600"	0	0	0	0	0.00102092904543134	0	0	0	0	0	0
"258455"	0	0	0	0	0	0	0	0	0	0	0.000512032770097286
"325036"	0	0	0.0303358613217768	0.00190234622701332	0.00153139356814701	0.00553205336804426	0	0	0.00353731871241599	0	0
"585131"	0	0	0	0	0.00102092904543134	0	0	0	0	0	0
"263687"	0	0	0	0	0	0	0.000631512472371329	0	0	0	0
"2120775"	0	0	0	0	0.000510464522715671	0	0	0	0	0	0
"347908"	0	0	0	0	0	0.00130165961601041	0	0	0	0	0
"276172"	0	0	0.00361141206211629	0.00570703868103995	0.00102092904543134	0.00097624471200781	0.000315756236185665	0	0.000353731871241599	0	0
"180555"	0	0	0	0.000634115409004439	0	0	0	0	0	0	0
"272328"	0	0.00085726532361766	0	0	0.000510464522715671	0	0	0	0.000353731871241599	0	0
"320844"	0	0	0.000722282412423258	0	0	0	0	0	0	0	0.000512032770097286
"234054"	0.000755287009063444	0	0	0	0.00102092904543134	0	0	0	0	0	0
"266976"	0.00302114803625378	0	0.00108342361863489	0	0	0	0	0	0	0.00103950103950104	0
"772282"	0	0	0	0	0.000510464522715671	0	0	0	0	0	0
"183675"	0	0	0	0.000634115409004439	0	0	0	0	0	0	0
"631564"	0	0	0	0	0	0.000325414904002603	0	0	0	0	0
"271822"	0.000755287009063444	0	0	0	0.00153139356814701	0	0.000315756236185665	0.0012987012987013	0.000353731871241599	0	0.00102406554019457
"274972"	0	0.00042863266180883	0	0.000634115409004439	0.00102092904543134	0	0	0	0	0	0
"275873"	0	0	0	0	0	0.00455580865603645	0	0	0	0	0
"352069"	0	0	0.000361141206211629	0	0.000510464522715671	0	0	0	0	0	0.00102406554019457
"263546"	0	0	0	0	0.00102092904543134	0	0.000947268708556994	0.000432900432900433	0	0	0
"182037"	0	0	0	0.00126823081800888	0	0	0	0.000432900432900433	0	0	0
"271131"	0	0	0.000361141206211629	0	0	0	0	0	0	0	0
"170248"	0	0	0	0.00317057704502219	0	0	0	0	0	0	0
"275511"	0	0.00300042863266181	0	0.000634115409004439	0	0	0	0	0	0	0.00153609831029186
"291934"	0	0	0	0.00253646163601776	0.000510464522715671	0	0	0	0	0	0.00102406554019457
"262654"	0	0	0	0	0.000510464522715671	0	0	0	0	0	0
"273737"	0	0.00042863266180883	0	0.000634115409004439	0.00255232261357836	0	0	0	0.000353731871241599	0	0
"271500"	0	0.00042863266180883	0	0	0	0	0	0	0	0	0
"521704"	0	0	0	0	0.000510464522715671	0	0	0	0	0	0
"819404"	0	0	0	0	0.000510464522715671	0.000325414904002603	0	0	0	0	0
"265106"	0	0	0	0	0	0	0	0	0.000353731871241599	0	0
"276386"	0	0	0	0.000634115409004439	0	0	0	0	0	0	0
"1109362"	0	0	0	0	0	0.000650829808005207	0	0	0	0	0
"196138"	0	0	0	0	0	0	0	0	0	0.000346500346500347	0
"308523"	0.00151057401812689	0.00085726532361766	0.000722282412423258	0.00507292327203551	0.00102092904543134	0.000650829808005207	0	0	0	0.000346500346500347	0
"277588"	0.000755287009063444	0	0.00325027085590466	0.00253646163601776	0.00255232261357836	0	0.000631512472371329	0.000865800865800866	0	0	0.00563236047107015
"4393892"	0	0	0	0	0	0	0	0	0.000707463742483198	0	0
"355822"	0	0	0	0	0.00102092904543134	0	0	0	0	0	0.000512032770097286
"268620"	0	0	0	0	0	0.000325414904002603	0	0	0	0	0
"339013"	0	0.00685812258894128	0.00108342361863489	0	0	0.00292873413602343	0	0.0025974025974026	0.0010611956137248	0.000693000693000693	0.000512032770097286
"730939"	0	0.00042863266180883	0	0	0	0	0	0	0	0	0
"1105687"	0	0	0	0	0	0	0	0.000432900432900433	0	0	0
"316535"	0	0.00042863266180883	0.000361141206211629	0	0	0	0.000315756236185665	0	0.000353731871241599	0	0.00153609831029186
"331772"	0	0	0.00144456482484652	0	0	0	0	0	0	0	0.000512032770097286
"269716"	0	0	0	0	0	0	0	0	0.00282985496993279	0	0
"276404"	0	0	0.000361141206211629	0	0	0	0	0	0	0.000693000693000693	0
"468313"	0	0	0	0	0.000510464522715671	0	0	0	0	0	0
"272188"	0	0.00214316330904415	0.00108342361863489	0	0.00153139356814701	0.000325414904002603	0	0.000865800865800866	0.000353731871241599	0	0.000512032770097286
"264660"	0	0	0	0	0	0	0	0	0	0	0.000512032770097286
"276402"	0	0	0	0	0.000510464522715671	0	0	0	0	0	0
"277420"	0	0	0	0	0	0	0	0	0.000353731871241599	0	0
"114186"	0	0	0	0	0	0.000325414904002603	0	0	0	0	0
"338345"	0	0	0	0	0	0.000325414904002603	0	0	0	0	0
"275293"	0	0	0	0	0	0	0.000315756236185665	0	0	0	0
"1111115"	0	0	0	0	0	0.000325414904002603	0	0.0025974025974026	0	0	0
"326964"	0	0	0	0	0.00102092904543134	0	0	0	0.000707463742483198	0	0
"459917"	0	0	0	0.000634115409004439	0	0	0	0	0	0	0
"617099"	0	0	0	0	0	0	0	0.000432900432900433	0	0	0
"441468"	0	0	0	0	0.000510464522715671	0	0	0	0	0	0
"272742"	0	0	0	0	0	0.000325414904002603	0	0	0	0	0
"341713"	0	0	0	0.00253646163601776	0.000510464522715671	0	0	0.000432900432900433	0.000353731871241599	0	0
"407393"	0	0	0.00794510653665583	0	0.00153139356814701	0	0.000315756236185665	0	0.00318358684117439	0.00103950103950104	0.00102406554019457
"346804"	0	0	0	0	0	0.000325414904002603	0	0	0	0	0.00102406554019457
"322564"	0	0	0	0.000634115409004439	0	0	0	0	0	0	0
"271431"	0	0.00042863266180883	0	0	0	0.000325414904002603	0	0	0	0	0
"266621"	0	0	0	0.000634115409004439	0	0	0	0	0	0	0
"842714"	0	0	0	0	0.000510464522715671	0	0	0	0	0	0
"354144"	0	0.00128589798542649	0	0	0	0	0.000315756236185665	0	0	0	0
"353593"	0	0	0	0	0	0	0	0	0.000353731871241599	0	0
"175712"	0.006797583081571	0.00214316330904415	0	0	0.00561510974987238	0.000650829808005207	0.0107357120303126	0.000432900432900433	0	0.00415800415800416	0
"585914"	0	0	0	0	0	0	0	0.000432900432900433	0	0	0
"716984"	0.000755287009063444	0	0	0	0	0	0	0	0	0	0
"185328"	0	0	0.00325027085590466	0	0	0	0	0	0	0	0
"198170"	0	0	0	0.00317057704502219	0	0.000650829808005207	0	0	0	0.000346500346500347	0
"269576"	0	0	0	0.000634115409004439	0	0	0	0	0	0	0
"329741"	0.00226586102719033	0	0	0	0	0	0	0	0	0	0
"848315"	0	0	0	0	0	0.000325414904002603	0	0	0	0	0
"272444"	0	0	0	0.00190234622701332	0	0.000325414904002603	0	0	0	0	0.000512032770097286
"272111"	0.000755287009063444	0	0	0	0	0	0	0	0	0	0
"1095264"	0	0	0	0	0.00153139356814701	0	0	0	0	0	0
"348336"	0	0.00042863266180883	0	0	0	0.00162707452001302	0	0.000432900432900433	0.000707463742483198	0	0
"342075"	0	0.00042863266180883	0.000722282412423258	0	0	0.000650829808005207	0.000315756236185665	0.000865800865800866	0	0	0
"452014"	0	0	0	0	0.00102092904543134	0	0	0	0	0	0
"349798"	0	0	0.000361141206211629	0	0.000510464522715671	0	0	0	0	0	0
"180731"	0	0	0	0.00253646163601776	0.000510464522715671	0	0	0	0	0.01004851004851	0
"261265"	0	0	0	0	0	0	0.000631512472371329	0	0	0	0
"339834"	0	0	0	0.000634115409004439	0	0	0	0	0	0	0.000512032770097286
"191811"	0	0	0	0	0	0.000650829808005207	0	0	0	0	0
"323154"	0	0	0	0	0	0.00130165961601041	0	0	0	0	0
"272593"	0	0	0	0	0.000510464522715671	0	0	0	0	0	0
"588429"	0	0	0	0	0.00102092904543134	0	0	0	0	0	0
"323403"	0	0.00257179597085298	0	0	0	0	0.000947268708556994	0	0	0	0
"182995"	0	0	0	0	0.00153139356814701	0	0	0	0	0	0
"288075"	0	0.00042863266180883	0	0	0	0	0	0	0	0	0
"191994"	0	0.00128589798542649	0.000361141206211629	0	0	0	0	0	0.000707463742483198	0.000693000693000693	0.00102406554019457
"801554"	0	0	0	0	0.000510464522715671	0	0	0	0	0	0
"1684221"	0	0	0	0	0	0	0	0.000432900432900433	0	0	0
"310499"	0	0	0	0	0	0	0	0.000432900432900433	0	0	0
"266413"	0	0	0	0	0	0.000325414904002603	0	0	0	0	0
"273648"	0	0.00128589798542649	0.000361141206211629	0	0	0	0.000315756236185665	0	0	0	0
"265563"	0	0	0	0	0	0	0	0	0.000353731871241599	0	0
"321484"	0	0.00042863266180883	0.000722282412423258	0	0	0	0.00126302494474266	0	0	0	0
"309524"	0	0	0	0	0.000510464522715671	0	0	0	0.000707463742483198	0	0
"268927"	0	0	0	0	0	0	0.000315756236185665	0	0	0	0
"352171"	0.000755287009063444	0	0	0	0	0	0	0	0	0	0
"1722623"	0	0	0.000361141206211629	0	0	0	0	0	0	0	0
"170335"	0	0	0	0	0.00102092904543134	0	0	0	0	0	0
"259506"	0	0	0	0.00380469245402663	0	0	0	0	0	0	0
"531332"	0	0	0	0.000634115409004439	0	0	0	0	0	0	0
"354911"	0	0	0	0	0	0	0	0	0	0	0.00102406554019457
"197214"	0	0.0638662666095157	0.00397255326832792	0	0	0	0	0	0	0	0
"2315700"	0	0	0	0	0	0.000325414904002603	0	0.000432900432900433	0	0	0
"4418586"	0	0.00557222460351479	0	0.00253646163601776	0.00765696784073507	0.0214773836641718	0	0	0	0	0
"186526"	0	0	0.000361141206211629	0	0	0	0.000631512472371329	0	0	0	0
"267620"	0	0	0	0.000634115409004439	0	0	0	0	0	0	0
"214603"	0.000755287009063444	0.00042863266180883	0.000722282412423258	0	0	0	0	0	0.0010611956137248	0.000346500346500347	0.00204813108038914
"266715"	0	0	0	0	0	0	0	0	0.000353731871241599	0	0
"266862"	0	0	0	0	0.000510464522715671	0	0	0	0	0	0.00204813108038914
"267781"	0	0.00042863266180883	0	0	0	0	0	0	0	0	0
"266860"	0	0	0.000722282412423258	0	0	0	0	0	0	0	0
