OTUID	WDG002	WDG018	WDG033	WDG040	WDG058	WDG127	WDG132	WDG154	WDG004	WDG092	WDG048	WDG140	WDG146	WDG087
366623	4.0	3.0	29.0	3.0	4.0	0.0	0.0	1.0	0.0	0.0	0.0	0.0	0.0	0.0
346085	0.0	0.0	0.0	3.0	0.0	0.0	0.0	0.0	0.0	0.0	0.0	0.0	0.0	0.0
145754	108.0	9.0	204.0	21.0	702.0	14.0	724.0	263.0	517.0	326.0	4.0	9.0	2.0	0.0
290588	0.0	0.0	0.0	3.0	0.0	0.0	0.0	0.0	0.0	0.0	0.0	0.0	0.0	0.0
43373	0.0	2.0	0.0	0.0	0.0	0.0	0.0	0.0	0.0	0.0	3.0	0.0	0.0	0.0
509433	0.0	2.0	0.0	0.0	0.0	2.0	0.0	0.0	0.0	0.0	0.0	2.0	0.0	0.0
337735	0.0	0.0	0.0	0.0	0.0	1.0	0.0	0.0	0.0	0.0	0.0	0.0	0.0	0.0
577110	0.0	0.0	0.0	0.0	0.0	0.0	2.0	0.0	0.0	0.0	0.0	0.0	0.0	0.0
193894	1.0	0.0	0.0	0.0	0.0	0.0	0.0	0.0	0.0	0.0	0.0	0.0	0.0	0.0
193895	1.0	3.0	0.0	0.0	6.0	0.0	0.0	2.0	0.0	2.0	2.0	0.0	0.0	0.0
1110988	262.0	0.0	2.0	0.0	0.0	0.0	0.0	0.0	0.0	0.0	0.0	0.0	0.0	0.0
187248	0.0	4.0	1.0	0.0	2.0	4.0	0.0	215.0	0.0	2.0	7.0	1.0	0.0	0.0
292428	0.0	0.0	0.0	25.0	0.0	0.0	0.0	0.0	0.0	0.0	0.0	0.0	0.0	1.0
4446547	0.0	0.0	0.0	0.0	0.0	0.0	0.0	0.0	2.0	0.0	18.0	0.0	0.0	0.0
807035	0.0	0.0	0.0	6.0	0.0	0.0	0.0	0.0	0.0	0.0	0.0	0.0	0.0	0.0
327672	6.0	1.0	7.0	1.0	5.0	95.0	23.0	2.0	1.0	10.0	2.0	0.0	0.0	0.0
327176	0.0	0.0	0.0	0.0	0.0	0.0	0.0	0.0	0.0	0.0	1.0	0.0	0.0	0.0
531582	28.0	1.0	27.0	1.0	0.0	7.0	17.0	34.0	0.0	6.0	0.0	3.0	1.0	47.0
529506	0.0	0.0	1.0	0.0	0.0	0.0	0.0	2.0	0.0	5.0	0.0	0.0	0.0	0.0
720949	0.0	0.0	0.0	1.0	0.0	0.0	0.0	0.0	0.0	0.0	0.0	0.0	0.0	0.0
181768	0.0	0.0	27.0	0.0	13.0	0.0	3.0	33.0	0.0	0.0	0.0	0.0	0.0	0.0
4362724	0.0	0.0	1.0	0.0	0.0	0.0	3.0	0.0	0.0	0.0	0.0	0.0	0.0	0.0
17652	0.0	0.0	0.0	7.0	0.0	0.0	0.0	0.0	0.0	0.0	0.0	0.0	0.0	0.0
308974	0.0	0.0	0.0	0.0	0.0	0.0	0.0	0.0	0.0	0.0	1.0	0.0	0.0	0.0
554303	1.0	0.0	0.0	0.0	2.0	0.0	0.0	33.0	0.0	0.0	0.0	0.0	0.0	0.0
312588	0.0	0.0	0.0	1.0	0.0	3.0	0.0	10.0	0.0	0.0	0.0	1.0	0.0	0.0
446153	2.0	15.0	17.0	0.0	0.0	2.0	3.0	1.0	8.0	0.0	15.0	0.0	0.0	0.0
345944	2.0	0.0	1.0	0.0	0.0	0.0	0.0	0.0	0.0	0.0	0.0	0.0	0.0	0.0
593347	18.0	0.0	2.0	0.0	1.0	1.0	7.0	5.0	1.0	6.0	0.0	0.0	0.0	0.0
295086	0.0	0.0	0.0	1.0	0.0	0.0	0.0	0.0	0.0	0.0	0.0	0.0	0.0	4.0
167609	0.0	0.0	0.0	0.0	0.0	3.0	0.0	0.0	0.0	0.0	0.0	0.0	0.0	0.0
312347	0.0	0.0	0.0	0.0	0.0	1.0	0.0	0.0	0.0	0.0	0.0	0.0	0.0	0.0
340614	8.0	0.0	0.0	1069.0	0.0	0.0	0.0	0.0	0.0	1.0	0.0	1.0	1.0	230.0
289559	0.0	3.0	0.0	0.0	0.0	4.0	0.0	0.0	0.0	0.0	0.0	0.0	0.0	0.0
356394	121.0	25.0	19.0	8.0	89.0	146.0	21.0	1.0	32.0	66.0	11.0	37.0	2.0	2.0
186984	1.0	1.0	0.0	0.0	0.0	0.0	0.0	0.0	0.0	0.0	0.0	0.0	0.0	0.0
297065	0.0	0.0	0.0	0.0	0.0	3.0	0.0	0.0	0.0	0.0	0.0	0.0	0.0	0.0
149226	45.0	13.0	10.0	0.0	5.0	504.0	137.0	3.0	4.0	29.0	1.0	14.0	2.0	0.0
848615	0.0	0.0	0.0	0.0	0.0	1.0	0.0	0.0	0.0	0.0	0.0	0.0	0.0	0.0
273681	0.0	0.0	0.0	0.0	0.0	0.0	0.0	2.0	1.0	0.0	0.0	0.0	0.0	0.0
355785	0.0	0.0	0.0	39.0	0.0	0.0	0.0	0.0	0.0	0.0	0.0	0.0	0.0	0.0
4472130	0.0	2.0	0.0	0.0	2.0	0.0	0.0	4.0	0.0	1.0	1.0	1.0	0.0	0.0
64192	1.0	0.0	0.0	14.0	0.0	0.0	0.0	0.0	0.0	0.0	0.0	0.0	0.0	2.0
4469164	1.0	0.0	0.0	0.0	0.0	1.0	0.0	11.0	0.0	0.0	0.0	0.0	0.0	0.0
249776	0.0	0.0	0.0	0.0	0.0	41.0	0.0	0.0	0.0	0.0	0.0	0.0	0.0	0.0
997777	4.0	29.0	0.0	0.0	29.0	3.0	0.0	3.0	37.0	13.0	9.0	0.0	0.0	1.0
4346168	0.0	0.0	0.0	0.0	0.0	0.0	0.0	1.0	0.0	0.0	0.0	0.0	0.0	0.0
196898	0.0	0.0	0.0	0.0	0.0	0.0	0.0	12.0	0.0	0.0	0.0	0.0	0.0	0.0
138197	4.0	1.0	12.0	1.0	1.0	7.0	23.0	0.0	0.0	10.0	1.0	1.0	1.0	0.0
341969	5.0	0.0	13.0	0.0	0.0	0.0	0.0	0.0	0.0	1.0	0.0	0.0	0.0	0.0
342213	6.0	0.0	6.0	0.0	0.0	0.0	0.0	0.0	0.0	0.0	0.0	0.0	0.0	0.0
298486	1.0	0.0	5.0	1.0	0.0	0.0	0.0	0.0	0.0	0.0	0.0	0.0	0.0	0.0
370217	0.0	0.0	0.0	0.0	0.0	0.0	0.0	0.0	0.0	0.0	0.0	0.0	2.0	0.0
194082	0.0	0.0	0.0	0.0	0.0	0.0	0.0	0.0	0.0	11.0	0.0	0.0	0.0	0.0
176666	0.0	0.0	0.0	0.0	0.0	0.0	0.0	1.0	0.0	0.0	0.0	0.0	0.0	0.0
299879	1.0	9.0	1.0	0.0	1.0	0.0	1.0	0.0	0.0	0.0	12.0	0.0	0.0	0.0
300102	0.0	0.0	1.0	0.0	0.0	0.0	0.0	0.0	0.0	0.0	0.0	0.0	0.0	0.0
188789	0.0	0.0	1.0	0.0	3.0	0.0	2.0	0.0	0.0	0.0	0.0	0.0	0.0	0.0
531038	1.0	0.0	1.0	0.0	0.0	0.0	0.0	2.0	0.0	0.0	0.0	0.0	0.0	0.0
782953	0.0	0.0	0.0	0.0	0.0	0.0	1.0	0.0	0.0	0.0	0.0	0.0	0.0	0.0
843442	2.0	0.0	1.0	0.0	0.0	0.0	26.0	0.0	0.0	0.0	0.0	2.0	0.0	0.0
301677	4.0	0.0	0.0	3.0	0.0	0.0	0.0	0.0	0.0	0.0	0.0	0.0	0.0	0.0
562244	0.0	0.0	0.0	0.0	0.0	0.0	0.0	3.0	0.0	1.0	1.0	0.0	0.0	0.0
347375	0.0	0.0	0.0	0.0	0.0	0.0	0.0	0.0	0.0	13.0	0.0	0.0	0.0	0.0
296038	0.0	0.0	0.0	0.0	0.0	1.0	0.0	0.0	0.0	0.0	0.0	0.0	0.0	0.0
301472	2.0	0.0	0.0	27.0	0.0	0.0	0.0	0.0	0.0	0.0	0.0	0.0	0.0	0.0
4319637	0.0	0.0	1.0	0.0	0.0	0.0	0.0	0.0	0.0	0.0	0.0	0.0	0.0	0.0
629291	0.0	0.0	0.0	4.0	0.0	0.0	0.0	0.0	0.0	0.0	0.0	0.0	0.0	4.0
190856	0.0	0.0	1.0	0.0	0.0	0.0	0.0	0.0	0.0	0.0	0.0	0.0	0.0	0.0
179644	0.0	0.0	0.0	0.0	0.0	7.0	0.0	0.0	0.0	0.0	0.0	0.0	0.0	0.0
229088	0.0	0.0	0.0	0.0	0.0	0.0	2.0	0.0	0.0	0.0	0.0	0.0	0.0	0.0
520931	2.0	0.0	2.0	0.0	1.0	0.0	10.0	2.0	0.0	0.0	0.0	0.0	0.0	0.0
3584772	0.0	0.0	3.0	0.0	0.0	0.0	1.0	0.0	0.0	0.0	0.0	0.0	1.0	0.0
324112	2.0	11.0	1.0	0.0	6.0	6.0	4.0	1.0	1.0	29.0	2.0	0.0	0.0	0.0
302426	0.0	0.0	2.0	0.0	0.0	0.0	0.0	0.0	0.0	0.0	0.0	0.0	0.0	0.0
298553	2.0	0.0	2.0	0.0	0.0	0.0	0.0	0.0	0.0	2.0	5.0	0.0	0.0	0.0
530629	0.0	0.0	0.0	0.0	0.0	0.0	84.0	0.0	0.0	0.0	0.0	1.0	0.0	0.0
358712	7.0	0.0	11.0	0.0	0.0	0.0	0.0	0.0	0.0	0.0	0.0	0.0	0.0	0.0
360985	18.0	0.0	0.0	0.0	2.0	2.0	0.0	120.0	0.0	0.0	0.0	0.0	0.0	0.0
178213	0.0	0.0	0.0	0.0	0.0	0.0	1.0	0.0	0.0	0.0	0.0	0.0	0.0	0.0
189887	0.0	0.0	0.0	0.0	0.0	1.0	0.0	0.0	0.0	0.0	0.0	0.0	0.0	0.0
759415	0.0	0.0	1.0	0.0	0.0	0.0	0.0	0.0	0.0	0.0	0.0	0.0	0.0	0.0
276481	0.0	0.0	0.0	0.0	0.0	0.0	0.0	0.0	0.0	0.0	0.0	0.0	1.0	0.0
4440944	0.0	0.0	0.0	0.0	0.0	0.0	0.0	0.0	0.0	0.0	0.0	0.0	0.0	1.0
1131894	0.0	0.0	0.0	0.0	1.0	0.0	0.0	0.0	0.0	0.0	0.0	0.0	0.0	0.0
763985	0.0	0.0	0.0	2.0	0.0	0.0	0.0	57.0	0.0	0.0	0.0	0.0	0.0	0.0
115099	1.0	0.0	0.0	0.0	0.0	0.0	0.0	0.0	0.0	0.0	0.0	0.0	0.0	3.0
148459	63.0	86.0	358.0	9.0	83.0	3.0	24.0	1.0	23.0	14.0	7.0	1.0	0.0	0.0
196392	0.0	0.0	0.0	0.0	1.0	0.0	0.0	0.0	0.0	0.0	0.0	0.0	0.0	0.0
518820	0.0	2.0	0.0	0.0	0.0	0.0	0.0	0.0	0.0	0.0	0.0	0.0	0.0	0.0
358410	0.0	0.0	0.0	0.0	0.0	0.0	0.0	0.0	0.0	0.0	0.0	653.0	40.0	0.0
617806	0.0	0.0	2.0	0.0	0.0	0.0	0.0	0.0	0.0	0.0	0.0	0.0	0.0	0.0
349783	0.0	0.0	0.0	0.0	0.0	0.0	0.0	0.0	0.0	1.0	0.0	0.0	0.0	0.0
341777	0.0	1.0	0.0	0.0	0.0	0.0	0.0	0.0	0.0	0.0	0.0	0.0	0.0	0.0
4477719	0.0	0.0	0.0	0.0	0.0	0.0	0.0	0.0	0.0	0.0	0.0	0.0	0.0	1.0
340995	0.0	0.0	0.0	1.0	0.0	0.0	0.0	0.0	0.0	0.0	3.0	0.0	0.0	0.0
434336	0.0	0.0	4.0	0.0	0.0	4.0	1.0	7.0	0.0	0.0	0.0	0.0	0.0	0.0
612716	0.0	0.0	0.0	45.0	0.0	0.0	0.0	0.0	0.0	0.0	1.0	0.0	0.0	8.0
229348	8.0	0.0	9.0	0.0	8.0	0.0	0.0	27.0	0.0	1.0	0.0	0.0	0.0	0.0
299441	0.0	0.0	1.0	0.0	0.0	1.0	0.0	0.0	0.0	0.0	0.0	0.0	0.0	0.0
190075	3.0	0.0	0.0	0.0	2.0	0.0	0.0	0.0	0.0	0.0	0.0	0.0	0.0	0.0
321405	0.0	0.0	0.0	4.0	0.0	0.0	0.0	0.0	0.0	0.0	0.0	0.0	0.0	4.0
261328	1.0	0.0	0.0	1.0	0.0	4.0	3.0	0.0	0.0	0.0	0.0	0.0	0.0	0.0
740305	2.0	0.0	1.0	0.0	0.0	0.0	0.0	0.0	0.0	0.0	0.0	2.0	0.0	3.0
355187	0.0	0.0	25.0	0.0	26.0	0.0	3.0	0.0	0.0	0.0	11.0	4.0	1.0	0.0
337303	0.0	0.0	0.0	8.0	0.0	0.0	0.0	0.0	0.0	0.0	0.0	0.0	0.0	0.0
301554	0.0	0.0	0.0	2.0	0.0	0.0	0.0	0.0	0.0	0.0	0.0	0.0	0.0	0.0
302809	3.0	11.0	3.0	0.0	10.0	40.0	2.0	3.0	3.0	11.0	1.0	2.0	3.0	0.0
1964005	6.0	80.0	49.0	3.0	29.0	7.0	6.0	0.0	35.0	1.0	41.0	14.0	0.0	0.0
365965	0.0	0.0	0.0	0.0	0.0	34.0	0.0	2.0	0.0	0.0	0.0	0.0	0.0	0.0
4363269	0.0	0.0	0.0	0.0	0.0	6.0	2.0	0.0	0.0	0.0	0.0	2.0	0.0	0.0
784040	7.0	0.0	16.0	1.0	1.0	0.0	0.0	0.0	0.0	1.0	0.0	4.0	0.0	0.0
291105	0.0	0.0	0.0	11.0	0.0	0.0	0.0	0.0	0.0	0.0	0.0	0.0	0.0	0.0
290356	0.0	0.0	0.0	161.0	0.0	0.0	0.0	0.0	0.0	0.0	0.0	0.0	3.0	312.0
14993	0.0	0.0	0.0	129.0	0.0	0.0	0.0	0.0	0.0	0.0	0.0	0.0	0.0	136.0
509838	0.0	0.0	0.0	0.0	15.0	1.0	0.0	0.0	0.0	0.0	0.0	0.0	0.0	0.0
4377150	0.0	0.0	0.0	0.0	0.0	2.0	0.0	0.0	0.0	0.0	0.0	0.0	0.0	0.0
351927	0.0	0.0	2.0	0.0	0.0	1.0	0.0	0.0	0.0	0.0	0.0	0.0	0.0	0.0
552988	0.0	0.0	0.0	0.0	0.0	0.0	2.0	0.0	0.0	0.0	0.0	0.0	0.0	0.0
4334844	0.0	0.0	1.0	0.0	0.0	0.0	0.0	0.0	0.0	1.0	0.0	0.0	0.0	0.0
815169	0.0	103.0	8.0	1.0	11.0	9.0	1.0	1.0	4.0	0.0	61.0	11.0	0.0	0.0
333387	24.0	0.0	15.0	2.0	0.0	83.0	0.0	0.0	72.0	2.0	0.0	29.0	4.0	1.0
150162	5.0	0.0	1.0	1.0	7.0	0.0	4.0	10.0	1.0	2.0	1.0	0.0	0.0	0.0
149856	400.0	388.0	102.0	5.0	175.0	538.0	64.0	6.0	387.0	645.0	57.0	160.0	54.0	8.0
641783	0.0	0.0	0.0	0.0	0.0	0.0	0.0	0.0	0.0	0.0	0.0	3.0	0.0	0.0
300487	0.0	0.0	3.0	0.0	0.0	0.0	0.0	0.0	0.0	0.0	0.0	0.0	0.0	0.0
353149	0.0	0.0	0.0	0.0	0.0	0.0	1.0	2.0	0.0	0.0	0.0	0.0	0.0	0.0
1110312	2.0	0.0	0.0	0.0	0.0	0.0	0.0	0.0	0.0	0.0	4.0	1.0	0.0	0.0
559659	0.0	0.0	0.0	0.0	0.0	1.0	0.0	0.0	0.0	0.0	0.0	0.0	0.0	0.0
529531	0.0	0.0	0.0	0.0	0.0	59.0	0.0	0.0	0.0	0.0	0.0	0.0	0.0	0.0
341221	3.0	0.0	2.0	0.0	5.0	1.0	13.0	7.0	0.0	1.0	0.0	0.0	0.0	0.0
278650	2.0	0.0	0.0	0.0	0.0	0.0	0.0	0.0	0.0	11.0	0.0	0.0	0.0	0.0
1625448	0.0	0.0	0.0	1.0	0.0	0.0	0.0	0.0	0.0	0.0	0.0	0.0	0.0	0.0
168383	8.0	0.0	0.0	0.0	0.0	0.0	0.0	1.0	0.0	7.0	7.0	1.0	0.0	0.0
306855	2.0	0.0	0.0	0.0	1.0	2.0	4.0	3.0	0.0	0.0	0.0	1.0	0.0	0.0
172163	0.0	0.0	8.0	0.0	30.0	0.0	0.0	0.0	0.0	5.0	0.0	0.0	0.0	0.0
4439487	0.0	0.0	0.0	0.0	0.0	1.0	0.0	0.0	0.0	0.0	0.0	0.0	0.0	0.0
4439489	1.0	1.0	0.0	0.0	4.0	0.0	0.0	4.0	0.0	0.0	0.0	0.0	0.0	0.0
314204	1.0	6.0	3.0	5.0	11.0	4.0	28.0	8.0	8.0	0.0	1.0	1.0	0.0	1.0
295861	3.0	0.0	1.0	0.0	0.0	1.0	1.0	6.0	1.0	0.0	1.0	0.0	0.0	0.0
149219	4.0	0.0	4.0	0.0	3.0	5.0	7.0	1.0	2.0	0.0	0.0	11.0	0.0	1.0
4435655	2.0	0.0	0.0	0.0	0.0	0.0	0.0	0.0	0.0	0.0	0.0	0.0	0.0	0.0
307661	0.0	351.0	0.0	0.0	0.0	0.0	0.0	0.0	0.0	0.0	44.0	1.0	0.0	0.0
147484	11.0	0.0	8.0	0.0	0.0	55.0	5.0	0.0	0.0	2.0	1.0	9.0	8.0	0.0
581003	42.0	359.0	226.0	11.0	22.0	8.0	11.0	244.0	82.0	9.0	66.0	0.0	0.0	0.0
510233	0.0	1.0	0.0	0.0	0.0	4.0	0.0	0.0	0.0	0.0	0.0	0.0	0.0	0.0
330252	1.0	0.0	11.0	0.0	0.0	0.0	1.0	1.0	0.0	0.0	0.0	0.0	0.0	0.0
511229	0.0	0.0	0.0	0.0	0.0	0.0	0.0	1.0	0.0	0.0	0.0	2.0	0.0	0.0
197249	0.0	0.0	4.0	0.0	0.0	0.0	0.0	0.0	0.0	0.0	0.0	0.0	0.0	0.0
337345	0.0	0.0	0.0	1.0	0.0	0.0	0.0	0.0	0.0	0.0	0.0	0.0	0.0	0.0
766113	1.0	0.0	2.0	1.0	0.0	0.0	0.0	0.0	0.0	0.0	0.0	0.0	0.0	0.0
149035	8.0	54.0	3.0	0.0	0.0	8.0	0.0	0.0	1.0	0.0	14.0	4.0	0.0	0.0
515638	0.0	0.0	0.0	4.0	0.0	0.0	0.0	0.0	0.0	0.0	0.0	0.0	0.0	6.0
291658	13.0	447.0	7.0	4.0	483.0	2.0	10.0	12.0	882.0	25.0	46.0	1.0	0.0	0.0
923114	0.0	0.0	0.0	0.0	0.0	0.0	0.0	0.0	0.0	0.0	1.0	0.0	0.0	3.0
353214	1.0	1.0	1.0	1.0	3.0	1.0	2.0	8.0	2.0	0.0	1.0	2.0	0.0	0.0
146314	0.0	0.0	14.0	0.0	0.0	0.0	0.0	0.0	0.0	0.0	0.0	0.0	0.0	9.0
576400	14.0	0.0	5.0	5.0	6.0	0.0	0.0	2.0	0.0	0.0	0.0	0.0	0.0	0.0
235212	0.0	0.0	0.0	0.0	0.0	0.0	0.0	0.0	0.0	1.0	1.0	0.0	0.0	0.0
767863	0.0	0.0	1.0	0.0	0.0	0.0	0.0	0.0	0.0	0.0	0.0	0.0	0.0	0.0
183620	2.0	0.0	28.0	0.0	0.0	0.0	0.0	0.0	0.0	0.0	0.0	0.0	1.0	0.0
254662	0.0	0.0	0.0	4.0	0.0	0.0	0.0	0.0	0.0	0.0	0.0	0.0	0.0	3.0
921020	0.0	0.0	0.0	0.0	0.0	1.0	0.0	1.0	0.0	0.0	0.0	0.0	0.0	0.0
313423	0.0	1.0	0.0	0.0	0.0	0.0	0.0	4.0	0.0	0.0	1.0	0.0	0.0	0.0
560535	0.0	0.0	0.0	0.0	0.0	0.0	0.0	0.0	0.0	0.0	0.0	688.0	51.0	0.0
291421	0.0	0.0	0.0	0.0	0.0	0.0	0.0	0.0	0.0	0.0	0.0	0.0	0.0	1.0
531436	1.0	1.0	0.0	0.0	0.0	1.0	0.0	0.0	0.0	0.0	0.0	0.0	0.0	0.0
4303423	1.0	0.0	0.0	0.0	0.0	1.0	0.0	0.0	0.0	0.0	0.0	0.0	0.0	0.0
321295	0.0	0.0	0.0	0.0	0.0	0.0	0.0	2.0	0.0	0.0	0.0	0.0	0.0	0.0
4299664	0.0	0.0	0.0	0.0	0.0	4.0	0.0	0.0	0.0	0.0	0.0	0.0	0.0	0.0
345575	0.0	0.0	0.0	0.0	0.0	0.0	0.0	2.0	1.0	0.0	0.0	0.0	0.0	0.0
1105552	1.0	0.0	0.0	0.0	1.0	0.0	2.0	25.0	5.0	0.0	0.0	0.0	0.0	0.0
337966	0.0	0.0	250.0	1.0	13.0	50.0	0.0	0.0	0.0	0.0	0.0	0.0	3.0	0.0
577671	0.0	0.0	0.0	0.0	11.0	0.0	0.0	0.0	0.0	0.0	0.0	1.0	1.0	1.0
792407	20.0	1.0	75.0	10.0	44.0	0.0	115.0	30.0	16.0	26.0	0.0	0.0	0.0	0.0
309815	11.0	0.0	30.0	1.0	0.0	0.0	4.0	23.0	0.0	8.0	0.0	0.0	0.0	0.0
4349261	0.0	4.0	0.0	0.0	0.0	2.0	0.0	0.0	0.0	0.0	0.0	3.0	0.0	0.0
4364652	0.0	0.0	1.0	0.0	1.0	0.0	0.0	0.0	0.0	0.0	0.0	0.0	0.0	0.0
528362	0.0	1.0	0.0	0.0	0.0	4.0	0.0	18.0	5.0	0.0	1.0	1.0	0.0	0.0
369486	1.0	1.0	0.0	0.0	3.0	0.0	0.0	4.0	0.0	0.0	0.0	0.0	0.0	0.0
299298	0.0	0.0	0.0	44.0	0.0	0.0	0.0	0.0	0.0	0.0	0.0	0.0	0.0	7.0
840961	0.0	0.0	0.0	0.0	0.0	0.0	0.0	0.0	0.0	0.0	2.0	0.0	0.0	0.0
326637	0.0	0.0	2.0	0.0	0.0	0.0	0.0	1.0	0.0	0.0	1.0	0.0	0.0	0.0
1138331	0.0	0.0	0.0	84.0	0.0	0.0	0.0	0.0	0.0	0.0	0.0	0.0	0.0	223.0
583134	6.0	2.0	4.0	3.0	5.0	35.0	20.0	9.0	2.0	9.0	2.0	2.0	1.0	0.0
4401374	1.0	0.0	0.0	0.0	0.0	0.0	0.0	0.0	0.0	0.0	0.0	0.0	0.0	0.0
432444	1.0	0.0	0.0	0.0	1.0	0.0	9.0	0.0	0.0	0.0	0.0	0.0	1.0	0.0
332831	0.0	35.0	37.0	0.0	0.0	1.0	0.0	86.0	4.0	17.0	70.0	1.0	0.0	0.0
528109	0.0	0.0	1.0	0.0	3.0	0.0	0.0	79.0	0.0	2.0	0.0	0.0	0.0	0.0
73000	4.0	0.0	3.0	0.0	0.0	0.0	4.0	0.0	0.0	0.0	0.0	1.0	0.0	0.0
365634	0.0	0.0	0.0	0.0	0.0	3.0	0.0	4.0	0.0	0.0	0.0	0.0	0.0	0.0
907096	1.0	0.0	0.0	1.0	2.0	0.0	0.0	1.0	0.0	0.0	7.0	1.0	0.0	1.0
560906	0.0	0.0	0.0	0.0	0.0	0.0	0.0	0.0	0.0	0.0	12.0	0.0	0.0	0.0
3146792	0.0	0.0	0.0	1.0	0.0	0.0	0.0	0.0	1.0	0.0	0.0	0.0	0.0	0.0
146867	3.0	1.0	5.0	9.0	1.0	0.0	3.0	1.0	0.0	14.0	7.0	0.0	0.0	1.0
324630	4.0	0.0	0.0	0.0	0.0	0.0	0.0	0.0	0.0	0.0	0.0	0.0	0.0	0.0
150089	130.0	17.0	44.0	1.0	8.0	31.0	52.0	5.0	15.0	58.0	8.0	56.0	8.0	0.0
177704	13.0	0.0	0.0	0.0	0.0	16.0	0.0	3.0	27.0	0.0	0.0	0.0	0.0	0.0
211750	0.0	0.0	0.0	0.0	0.0	0.0	0.0	0.0	0.0	0.0	3.0	0.0	0.0	0.0
147031	1.0	1.0	0.0	0.0	2.0	0.0	0.0	0.0	1.0	4.0	1.0	1.0	0.0	0.0
333412	0.0	0.0	1.0	0.0	0.0	5.0	2.0	0.0	0.0	0.0	0.0	1.0	1.0	1.0
370154	50.0	0.0	0.0	1.0	0.0	0.0	8.0	15.0	0.0	1.0	1.0	0.0	0.0	0.0
874627	0.0	0.0	0.0	0.0	0.0	0.0	2.0	0.0	0.0	0.0	2.0	0.0	0.0	0.0
308814	1.0	0.0	4.0	0.0	1.0	0.0	0.0	0.0	1.0	0.0	0.0	0.0	0.0	0.0
585480	0.0	0.0	0.0	0.0	1.0	1.0	0.0	4.0	0.0	3.0	2.0	0.0	0.0	0.0
351105	0.0	0.0	0.0	0.0	0.0	1.0	0.0	0.0	0.0	0.0	0.0	0.0	0.0	0.0
291596	0.0	0.0	0.0	0.0	0.0	0.0	0.0	16.0	0.0	0.0	0.0	0.0	0.0	0.0
148368	0.0	0.0	0.0	0.0	0.0	4.0	0.0	0.0	0.0	0.0	0.0	0.0	0.0	0.0
4464969	89.0	26.0	16.0	24.0	71.0	0.0	213.0	36.0	53.0	251.0	46.0	16.0	3.0	1.0
343709	0.0	0.0	0.0	0.0	5.0	0.0	0.0	0.0	0.0	0.0	0.0	0.0	0.0	0.0
589989	0.0	0.0	0.0	0.0	0.0	0.0	3.0	2.0	0.0	0.0	0.0	0.0	0.0	0.0
296960	4.0	1.0	1.0	0.0	0.0	0.0	1.0	3.0	0.0	0.0	0.0	0.0	0.0	0.0
359993	1.0	0.0	7.0	1.0	0.0	0.0	0.0	1.0	0.0	0.0	0.0	0.0	0.0	0.0
817550	0.0	0.0	0.0	0.0	0.0	0.0	0.0	0.0	0.0	0.0	0.0	0.0	1.0	0.0
289632	0.0	5.0	0.0	0.0	1.0	1.0	2.0	0.0	0.0	1.0	0.0	0.0	0.0	1.0
631218	0.0	0.0	0.0	0.0	1.0	0.0	2.0	5.0	0.0	0.0	0.0	0.0	0.0	0.0
4294834	0.0	0.0	0.0	0.0	1.0	0.0	0.0	0.0	0.0	0.0	0.0	0.0	0.0	0.0
326001	0.0	0.0	0.0	0.0	0.0	0.0	0.0	0.0	0.0	0.0	0.0	0.0	4.0	0.0
1144764	0.0	0.0	2.0	2.0	13.0	0.0	0.0	0.0	13.0	0.0	19.0	0.0	3.0	0.0
527909	0.0	0.0	0.0	0.0	0.0	0.0	0.0	3.0	0.0	0.0	0.0	0.0	0.0	0.0
254021	0.0	0.0	0.0	0.0	1.0	0.0	0.0	0.0	0.0	0.0	2.0	0.0	0.0	0.0
660122	0.0	0.0	0.0	0.0	1.0	0.0	0.0	0.0	0.0	0.0	0.0	0.0	0.0	0.0
185988	0.0	0.0	0.0	0.0	0.0	1.0	0.0	0.0	0.0	0.0	0.0	0.0	0.0	0.0
521033	0.0	0.0	0.0	0.0	0.0	8.0	0.0	0.0	0.0	0.0	0.0	0.0	0.0	0.0
300152	0.0	1.0	1.0	0.0	1.0	0.0	2.0	1.0	0.0	0.0	0.0	2.0	0.0	0.0
529780	9.0	0.0	0.0	0.0	0.0	0.0	0.0	4.0	0.0	0.0	0.0	0.0	0.0	0.0
708680	0.0	0.0	2.0	0.0	4.0	0.0	0.0	4.0	0.0	0.0	1.0	1.0	0.0	0.0
199528	0.0	0.0	0.0	0.0	0.0	0.0	0.0	0.0	0.0	0.0	0.0	2.0	0.0	0.0
3838929	0.0	1.0	2.0	0.0	0.0	0.0	0.0	1.0	0.0	0.0	0.0	1.0	0.0	1.0
824375	0.0	0.0	0.0	3.0	0.0	0.0	0.0	0.0	2.0	0.0	0.0	0.0	0.0	0.0
554436	1.0	1.0	2.0	0.0	9.0	9.0	1.0	13.0	2.0	0.0	3.0	3.0	0.0	0.0
300401	34.0	0.0	6.0	1.0	6.0	36.0	27.0	24.0	2.0	13.0	0.0	23.0	1.0	0.0
231752	6.0	0.0	0.0	0.0	2.0	0.0	0.0	5.0	0.0	0.0	0.0	0.0	0.0	0.0
342947	22.0	78.0	19.0	3.0	3.0	50.0	7.0	5.0	1.0	4.0	1.0	48.0	3.0	8.0
197874	0.0	0.0	0.0	0.0	0.0	0.0	0.0	3.0	0.0	0.0	0.0	0.0	0.0	0.0
779725	0.0	0.0	0.0	5.0	0.0	0.0	0.0	0.0	0.0	0.0	1.0	0.0	1.0	2.0
808372	0.0	1.0	0.0	0.0	0.0	0.0	0.0	0.0	0.0	0.0	1.0	0.0	0.0	0.0
299996	7.0	0.0	0.0	52.0	0.0	0.0	0.0	0.0	0.0	0.0	0.0	0.0	0.0	15.0
299858	0.0	19.0	0.0	0.0	0.0	0.0	0.0	0.0	0.0	0.0	3.0	6.0	0.0	0.0
145292	1.0	42.0	3.0	0.0	0.0	1.0	2.0	0.0	27.0	2.0	4.0	0.0	0.0	0.0
342788	16.0	0.0	9.0	0.0	8.0	13.0	14.0	9.0	1.0	7.0	3.0	2.0	1.0	1.0
327209	0.0	0.0	0.0	0.0	0.0	0.0	3.0	0.0	0.0	0.0	0.0	0.0	0.0	0.0
515299	0.0	0.0	0.0	0.0	0.0	1.0	0.0	0.0	0.0	0.0	2.0	2.0	0.0	0.0
301160	0.0	0.0	0.0	4.0	0.0	0.0	0.0	0.0	0.0	0.0	0.0	0.0	0.0	0.0
575844	0.0	0.0	0.0	0.0	0.0	0.0	0.0	5.0	0.0	0.0	0.0	0.0	0.0	0.0
292816	0.0	0.0	0.0	0.0	1.0	0.0	0.0	0.0	0.0	0.0	0.0	0.0	0.0	0.0
1043812	1.0	0.0	0.0	0.0	0.0	0.0	0.0	0.0	0.0	0.0	0.0	0.0	0.0	0.0
147182	0.0	0.0	0.0	1.0	0.0	0.0	1.0	6.0	1.0	0.0	0.0	0.0	0.0	1.0
301655	0.0	6.0	0.0	0.0	0.0	0.0	1.0	2.0	0.0	1.0	1.0	0.0	0.0	0.0
1109395	1.0	0.0	1.0	0.0	0.0	0.0	0.0	0.0	0.0	0.0	0.0	0.0	0.0	0.0
354839	0.0	0.0	0.0	0.0	0.0	0.0	0.0	0.0	0.0	0.0	0.0	206.0	19.0	713.0
530700	0.0	1.0	0.0	0.0	0.0	1.0	0.0	0.0	0.0	0.0	0.0	0.0	0.0	0.0
495451	0.0	0.0	1.0	0.0	0.0	0.0	0.0	0.0	0.0	0.0	0.0	0.0	0.0	0.0
197589	0.0	0.0	0.0	0.0	0.0	3.0	0.0	0.0	0.0	0.0	0.0	0.0	0.0	0.0
365574	2.0	0.0	0.0	0.0	0.0	3.0	1.0	13.0	0.0	1.0	0.0	0.0	0.0	6.0
331863	0.0	0.0	81.0	0.0	0.0	3.0	0.0	0.0	0.0	0.0	0.0	0.0	0.0	0.0
310178	0.0	7.0	0.0	0.0	0.0	13.0	0.0	0.0	0.0	0.0	20.0	14.0	4.0	0.0
842596	0.0	0.0	0.0	0.0	0.0	1.0	0.0	0.0	0.0	0.0	0.0	0.0	0.0	0.0
527762	1.0	0.0	7.0	0.0	4.0	0.0	1.0	3.0	0.0	2.0	4.0	2.0	0.0	0.0
301293	0.0	0.0	0.0	0.0	0.0	0.0	0.0	0.0	0.0	0.0	0.0	0.0	0.0	16.0
798490	0.0	0.0	0.0	2.0	0.0	0.0	0.0	0.0	0.0	0.0	0.0	0.0	0.0	8.0
335256	1.0	0.0	0.0	0.0	0.0	0.0	0.0	0.0	0.0	0.0	0.0	0.0	0.0	0.0
757005	2.0	0.0	0.0	1.0	0.0	0.0	0.0	0.0	0.0	0.0	0.0	0.0	0.0	10.0
583958	3.0	0.0	0.0	0.0	4.0	0.0	0.0	1.0	0.0	0.0	0.0	1.0	0.0	0.0
572263	6.0	12.0	9.0	13.0	37.0	99.0	23.0	14.0	2.0	2.0	0.0	5.0	0.0	0.0
540055	1.0	0.0	1.0	0.0	0.0	1.0	2.0	7.0	2.0	1.0	0.0	1.0	0.0	1.0
191849	0.0	0.0	0.0	0.0	0.0	0.0	0.0	0.0	0.0	0.0	0.0	0.0	0.0	3.0
333166	0.0	0.0	2.0	0.0	2.0	0.0	0.0	2.0	1.0	5.0	0.0	0.0	0.0	0.0
287826	2.0	0.0	3.0	0.0	0.0	0.0	0.0	0.0	0.0	0.0	0.0	0.0	0.0	0.0
165935	0.0	0.0	1.0	0.0	0.0	0.0	3.0	0.0	0.0	0.0	0.0	0.0	0.0	0.0
4337622	0.0	0.0	0.0	1.0	0.0	0.0	0.0	0.0	0.0	0.0	0.0	0.0	0.0	0.0
749798	0.0	0.0	0.0	0.0	0.0	1.0	1.0	0.0	0.0	1.0	0.0	2.0	0.0	0.0
4338990	0.0	0.0	0.0	0.0	0.0	3.0	0.0	0.0	0.0	0.0	0.0	0.0	0.0	0.0
470382	10.0	18.0	7.0	9.0	12.0	14.0	35.0	70.0	5.0	0.0	22.0	1.0	0.0	0.0
270786	3.0	0.0	0.0	0.0	0.0	0.0	10.0	0.0	0.0	0.0	1385.0	0.0	0.0	0.0
294014	0.0	0.0	0.0	42.0	0.0	0.0	0.0	0.0	0.0	0.0	0.0	0.0	0.0	4.0
513106	0.0	17.0	0.0	0.0	0.0	0.0	0.0	0.0	0.0	0.0	8.0	2.0	0.0	1.0
230132	4.0	0.0	0.0	0.0	19.0	0.0	0.0	0.0	16.0	0.0	157.0	2.0	0.0	1.0
321902	0.0	0.0	0.0	0.0	0.0	0.0	1.0	0.0	0.0	0.0	0.0	0.0	0.0	0.0
146776	8.0	0.0	1.0	0.0	1.0	3.0	7.0	4.0	0.0	30.0	1.0	11.0	0.0	1.0
569719	1.0	0.0	0.0	1.0	0.0	0.0	0.0	0.0	0.0	0.0	0.0	0.0	0.0	0.0
370183	13.0	0.0	4.0	1.0	1.0	1.0	1.0	34.0	0.0	3.0	0.0	0.0	0.0	0.0
4315787	0.0	0.0	0.0	0.0	0.0	1.0	1.0	0.0	0.0	0.0	0.0	0.0	0.0	0.0
206186	2.0	0.0	1.0	0.0	4.0	0.0	0.0	0.0	0.0	0.0	0.0	0.0	0.0	0.0
801995	0.0	0.0	0.0	0.0	0.0	0.0	0.0	0.0	0.0	0.0	0.0	0.0	1.0	0.0
254376	0.0	0.0	0.0	0.0	0.0	0.0	0.0	5.0	0.0	0.0	0.0	0.0	0.0	0.0
747563	0.0	0.0	1.0	0.0	0.0	0.0	0.0	0.0	0.0	0.0	0.0	0.0	0.0	0.0
291786	2.0	0.0	0.0	0.0	0.0	0.0	2.0	0.0	0.0	0.0	0.0	0.0	0.0	0.0
532188	0.0	0.0	0.0	0.0	0.0	4.0	0.0	0.0	0.0	0.0	0.0	0.0	0.0	0.0
344284	0.0	0.0	0.0	0.0	0.0	0.0	21.0	0.0	0.0	0.0	0.0	0.0	0.0	0.0
324244	0.0	0.0	3.0	0.0	1.0	0.0	1.0	1.0	0.0	0.0	0.0	0.0	0.0	0.0
187492	0.0	16.0	0.0	0.0	0.0	10.0	0.0	0.0	0.0	0.0	21.0	14.0	2.0	1.0
113235	0.0	4.0	0.0	1.0	0.0	0.0	0.0	1.0	2.0	3.0	0.0	2.0	0.0	0.0
4375860	0.0	1.0	0.0	0.0	5.0	0.0	0.0	0.0	0.0	1.0	0.0	0.0	0.0	0.0
4318694	0.0	0.0	0.0	0.0	0.0	0.0	0.0	0.0	1.0	0.0	0.0	0.0	0.0	0.0
177446	4.0	17.0	15.0	2.0	16.0	0.0	52.0	9.0	20.0	8.0	4.0	6.0	0.0	1.0
33112	1.0	0.0	1.0	1.0	10.0	20.0	2.0	17.0	0.0	1.0	2.0	1.0	0.0	0.0
520320	1.0	0.0	0.0	0.0	0.0	0.0	0.0	0.0	0.0	0.0	0.0	0.0	0.0	1.0
336275	1.0	0.0	1.0	0.0	0.0	15.0	0.0	3.0	0.0	0.0	0.0	2.0	0.0	0.0
17598	4.0	0.0	0.0	0.0	0.0	0.0	0.0	0.0	0.0	0.0	0.0	0.0	0.0	0.0
345172	0.0	0.0	10.0	0.0	0.0	0.0	0.0	18.0	1.0	1.0	1.0	0.0	0.0	0.0
918313	0.0	0.0	0.0	0.0	0.0	1.0	0.0	0.0	0.0	0.0	0.0	0.0	0.0	0.0
70137	0.0	0.0	0.0	0.0	0.0	0.0	0.0	0.0	0.0	0.0	0.0	0.0	1.0	0.0
350970	1.0	0.0	10.0	0.0	2.0	0.0	1.0	0.0	0.0	0.0	0.0	0.0	0.0	0.0
307903	0.0	0.0	0.0	0.0	0.0	0.0	0.0	0.0	0.0	0.0	0.0	1.0	0.0	0.0
322580	15.0	0.0	13.0	0.0	71.0	50.0	2.0	1.0	50.0	0.0	56.0	1.0	0.0	1.0
366633	0.0	0.0	0.0	0.0	0.0	1.0	0.0	0.0	0.0	0.0	0.0	0.0	1.0	0.0
372213	0.0	0.0	1.0	2.0	0.0	0.0	0.0	0.0	0.0	0.0	0.0	38.0	2353.0	639.0
4406819	1.0	0.0	0.0	0.0	0.0	0.0	0.0	0.0	0.0	0.0	0.0	0.0	0.0	0.0
189698	0.0	0.0	0.0	0.0	0.0	1.0	0.0	0.0	0.0	0.0	0.0	0.0	0.0	0.0
235127	304.0	8.0	6.0	1.0	3.0	0.0	3.0	0.0	0.0	37.0	1.0	277.0	0.0	0.0
182643	1.0	0.0	0.0	0.0	0.0	2.0	0.0	0.0	0.0	0.0	0.0	1.0	0.0	0.0
628982	1.0	0.0	0.0	0.0	0.0	0.0	0.0	0.0	0.0	0.0	0.0	0.0	0.0	0.0
529873	0.0	0.0	0.0	0.0	0.0	0.0	2.0	0.0	0.0	0.0	0.0	0.0	0.0	0.0
350127	0.0	0.0	0.0	0.0	0.0	0.0	0.0	0.0	0.0	0.0	0.0	0.0	1.0	0.0
289686	2.0	0.0	0.0	223.0	0.0	0.0	0.0	0.0	0.0	0.0	0.0	0.0	0.0	4.0
308386	0.0	0.0	0.0	0.0	0.0	2.0	0.0	0.0	0.0	0.0	0.0	0.0	0.0	0.0
337167	11.0	6.0	0.0	0.0	0.0	0.0	0.0	1.0	0.0	5.0	0.0	0.0	0.0	0.0
1142756	0.0	0.0	0.0	1.0	0.0	0.0	0.0	0.0	0.0	0.0	0.0	0.0	0.0	0.0
395587	0.0	6.0	0.0	0.0	0.0	1.0	0.0	0.0	0.0	0.0	0.0	0.0	0.0	0.0
709056	0.0	0.0	5.0	0.0	1.0	0.0	0.0	0.0	0.0	0.0	1.0	0.0	0.0	0.0
360253	0.0	0.0	0.0	0.0	0.0	0.0	0.0	0.0	0.0	0.0	1.0	0.0	0.0	0.0
350052	1.0	0.0	2.0	0.0	0.0	0.0	0.0	0.0	0.0	0.0	0.0	0.0	0.0	0.0
843553	0.0	0.0	0.0	0.0	0.0	1.0	0.0	4.0	0.0	0.0	1.0	0.0	0.0	0.0
4352242	0.0	0.0	1.0	0.0	0.0	0.0	0.0	0.0	0.0	2.0	0.0	0.0	0.0	0.0
511510	0.0	0.0	0.0	0.0	0.0	1.0	0.0	0.0	0.0	0.0	7.0	1.0	0.0	0.0
184285	0.0	0.0	0.0	0.0	0.0	0.0	2.0	0.0	0.0	0.0	0.0	0.0	0.0	0.0
198826	2.0	0.0	0.0	0.0	0.0	0.0	0.0	0.0	0.0	0.0	0.0	0.0	0.0	0.0
279107	0.0	0.0	0.0	0.0	0.0	0.0	1.0	0.0	0.0	0.0	0.0	0.0	0.0	0.0
352081	17.0	4.0	7.0	3.0	65.0	14.0	52.0	20.0	29.0	25.0	4.0	3.0	0.0	1.0
515953	0.0	0.0	0.0	4.0	0.0	1.0	0.0	0.0	0.0	0.0	0.0	0.0	0.0	0.0
1129069	0.0	0.0	0.0	0.0	0.0	1.0	1.0	0.0	0.0	0.0	0.0	0.0	1.0	0.0
218070	0.0	0.0	0.0	1.0	0.0	0.0	0.0	0.0	0.0	0.0	0.0	0.0	0.0	0.0
657491	14.0	0.0	1.0	2.0	8.0	0.0	0.0	0.0	0.0	1.0	44.0	17.0	0.0	0.0
325910	0.0	0.0	0.0	0.0	0.0	0.0	0.0	4.0	0.0	0.0	0.0	0.0	0.0	0.0
537219	0.0	0.0	0.0	0.0	0.0	0.0	4.0	0.0	0.0	0.0	0.0	0.0	0.0	0.0
229533	4.0	0.0	0.0	0.0	0.0	2.0	0.0	0.0	0.0	0.0	32.0	2.0	0.0	0.0
524848	3.0	1.0	4.0	0.0	2.0	0.0	0.0	0.0	1.0	0.0	0.0	0.0	0.0	0.0
341752	0.0	0.0	0.0	0.0	0.0	0.0	0.0	7.0	0.0	0.0	0.0	0.0	0.0	0.0
509788	10.0	0.0	21.0	0.0	10.0	16.0	16.0	0.0	0.0	33.0	9.0	14.0	3.0	0.0
232800	11.0	0.0	3.0	2.0	2.0	0.0	1.0	21.0	1.0	18.0	0.0	0.0	0.0	0.0
367433	0.0	0.0	0.0	0.0	0.0	13.0	0.0	0.0	0.0	0.0	0.0	1.0	0.0	0.0
361683	0.0	0.0	0.0	0.0	1.0	0.0	2.0	3.0	0.0	0.0	0.0	0.0	0.0	0.0
1016598	0.0	0.0	0.0	0.0	0.0	0.0	1.0	0.0	0.0	0.0	0.0	0.0	0.0	0.0
4309760	0.0	45.0	0.0	0.0	1.0	11.0	0.0	0.0	0.0	0.0	12.0	1.0	1.0	4.0
148988	0.0	0.0	0.0	0.0	0.0	0.0	0.0	1.0	0.0	0.0	0.0	0.0	0.0	0.0
232975	1.0	2.0	0.0	0.0	6.0	1.0	6.0	8.0	0.0	0.0	0.0	0.0	0.0	0.0
303066	0.0	0.0	0.0	0.0	0.0	0.0	0.0	0.0	0.0	0.0	0.0	0.0	0.0	3.0
289047	1.0	0.0	0.0	98.0	0.0	0.0	0.0	0.0	0.0	0.0	0.0	0.0	0.0	3.0
332353	0.0	30.0	0.0	0.0	0.0	0.0	0.0	0.0	0.0	0.0	42.0	16.0	2.0	3.0
300613	0.0	0.0	0.0	0.0	0.0	1.0	0.0	0.0	0.0	0.0	1.0	0.0	1.0	0.0
1009894	0.0	0.0	0.0	4.0	0.0	0.0	0.0	0.0	0.0	0.0	0.0	0.0	0.0	0.0
299913	0.0	0.0	0.0	0.0	0.0	0.0	0.0	0.0	0.0	0.0	0.0	0.0	0.0	1.0
154859	0.0	0.0	0.0	0.0	0.0	1.0	0.0	0.0	0.0	0.0	0.0	0.0	0.0	0.0
909065	0.0	0.0	0.0	0.0	0.0	0.0	0.0	3.0	0.0	0.0	0.0	0.0	0.0	0.0
334699	1.0	0.0	0.0	0.0	1.0	0.0	2.0	1.0	0.0	2.0	0.0	0.0	0.0	0.0
1081348	0.0	0.0	0.0	70.0	0.0	0.0	0.0	0.0	0.0	0.0	0.0	0.0	2.0	22.0
295622	0.0	1.0	0.0	0.0	0.0	0.0	0.0	0.0	0.0	0.0	4.0	0.0	0.0	0.0
366376	0.0	0.0	0.0	0.0	0.0	0.0	0.0	0.0	0.0	0.0	0.0	0.0	1.0	0.0
1077751	2.0	0.0	0.0	0.0	0.0	0.0	0.0	0.0	0.0	0.0	4.0	2.0	0.0	1.0
361619	0.0	1.0	0.0	1.0	0.0	1.0	1.0	5.0	0.0	3.0	0.0	1.0	0.0	2.0
561676	45.0	59.0	18.0	8.0	61.0	102.0	198.0	338.0	51.0	28.0	20.0	13.0	2.0	0.0
188906	0.0	0.0	1.0	0.0	1.0	2.0	0.0	0.0	0.0	0.0	0.0	0.0	0.0	0.0
336281	4.0	0.0	0.0	0.0	0.0	0.0	0.0	0.0	0.0	0.0	0.0	0.0	0.0	0.0
297875	0.0	0.0	0.0	3.0	1.0	1.0	0.0	0.0	0.0	0.0	0.0	0.0	0.0	0.0
334555	2.0	0.0	2.0	0.0	0.0	0.0	0.0	0.0	0.0	0.0	0.0	0.0	1.0	7.0
518743	0.0	0.0	0.0	0.0	0.0	0.0	1.0	3.0	0.0	0.0	0.0	0.0	0.0	0.0
210262	1.0	1.0	1.0	0.0	1.0	14.0	22.0	2.0	0.0	0.0	2.0	0.0	1.0	0.0
363400	3.0	1.0	0.0	0.0	0.0	2.0	1.0	3.0	0.0	0.0	1.0	1.0	0.0	0.0
198133	0.0	0.0	1.0	0.0	0.0	1.0	0.0	23.0	0.0	0.0	0.0	0.0	0.0	0.0
192419	1.0	0.0	0.0	0.0	0.0	0.0	0.0	1.0	0.0	0.0	0.0	52.0	1.0	0.0
320888	1.0	0.0	3.0	0.0	16.0	59.0	0.0	0.0	0.0	0.0	1.0	1.0	0.0	0.0
304472	0.0	0.0	0.0	0.0	1.0	0.0	0.0	79.0	1.0	0.0	0.0	0.0	0.0	0.0
214450	0.0	0.0	0.0	0.0	0.0	3.0	0.0	0.0	0.0	0.0	0.0	0.0	0.0	0.0
149627	0.0	0.0	1.0	1.0	0.0	0.0	2.0	0.0	0.0	0.0	0.0	0.0	0.0	0.0
291094	0.0	0.0	0.0	0.0	1.0	0.0	0.0	0.0	0.0	0.0	0.0	0.0	0.0	0.0
167910	0.0	0.0	1.0	0.0	0.0	0.0	0.0	0.0	0.0	0.0	0.0	0.0	0.0	0.0
2526440	0.0	0.0	0.0	1.0	0.0	0.0	0.0	0.0	0.0	0.0	0.0	0.0	0.0	0.0
4478840	60.0	6.0	129.0	2.0	65.0	27.0	117.0	58.0	21.0	518.0	7.0	9.0	6.0	1.0
815828	0.0	0.0	0.0	0.0	0.0	0.0	3.0	0.0	0.0	0.0	0.0	0.0	0.0	0.0
313089	1.0	4.0	3.0	1.0	5.0	2.0	8.0	4.0	2.0	7.0	0.0	0.0	0.0	0.0
817995	0.0	0.0	0.0	0.0	1.0	1.0	0.0	0.0	0.0	0.0	0.0	1.0	0.0	0.0
299131	3.0	0.0	15.0	0.0	0.0	0.0	9.0	0.0	0.0	0.0	0.0	0.0	0.0	0.0
211191	0.0	0.0	0.0	0.0	0.0	0.0	0.0	1.0	0.0	0.0	0.0	0.0	0.0	0.0
840291	0.0	0.0	0.0	1.0	0.0	0.0	0.0	0.0	0.0	0.0	0.0	0.0	0.0	0.0
162867	0.0	0.0	0.0	0.0	0.0	0.0	1.0	0.0	0.0	0.0	0.0	0.0	0.0	0.0
584107	1.0	0.0	1.0	0.0	0.0	4.0	2.0	1.0	1.0	1.0	0.0	1.0	0.0	0.0
146477	100.0	19.0	9.0	4.0	7.0	2.0	26.0	7.0	34.0	6.0	29.0	15.0	0.0	1.0
575589	8.0	59.0	119.0	0.0	17.0	1.0	13.0	1.0	7.0	0.0	12.0	0.0	0.0	0.0
617098	114.0	0.0	166.0	10.0	20.0	4.0	54.0	12.0	2.0	82.0	6.0	9.0	1.0	5.0
337116	0.0	0.0	0.0	0.0	49.0	0.0	0.0	0.0	0.0	0.0	0.0	1.0	0.0	0.0
367947	0.0	0.0	0.0	0.0	0.0	0.0	1.0	0.0	0.0	0.0	0.0	0.0	0.0	0.0
613933	0.0	0.0	0.0	0.0	0.0	6.0	0.0	0.0	0.0	0.0	0.0	11.0	1.0	0.0
524444	0.0	0.0	1.0	0.0	0.0	0.0	0.0	0.0	0.0	0.0	0.0	0.0	0.0	0.0
1100992	0.0	0.0	1.0	0.0	0.0	0.0	0.0	0.0	0.0	0.0	0.0	0.0	0.0	0.0
303320	0.0	0.0	7.0	0.0	1.0	0.0	11.0	0.0	0.0	0.0	4.0	0.0	0.0	0.0
211354	0.0	0.0	0.0	1.0	0.0	1.0	0.0	5.0	0.0	0.0	1.0	0.0	0.0	0.0
195252	0.0	0.0	0.0	0.0	0.0	0.0	0.0	0.0	0.0	0.0	0.0	1.0	0.0	1.0
548679	0.0	0.0	0.0	3.0	0.0	0.0	0.0	0.0	0.0	0.0	0.0	0.0	0.0	0.0
355728	12.0	0.0	20.0	5.0	34.0	0.0	12.0	37.0	39.0	62.0	0.0	0.0	0.0	0.0
42395	0.0	0.0	0.0	0.0	0.0	0.0	0.0	0.0	0.0	1.0	0.0	0.0	0.0	0.0
608293	0.0	0.0	0.0	0.0	0.0	0.0	0.0	0.0	0.0	0.0	0.0	0.0	3.0	0.0
1085703	0.0	0.0	0.0	5.0	0.0	0.0	0.0	0.0	0.0	0.0	0.0	0.0	0.0	1.0
361811	0.0	0.0	0.0	0.0	0.0	0.0	0.0	0.0	0.0	0.0	0.0	16.0	3.0	0.0
296941	3.0	0.0	4.0	0.0	0.0	0.0	0.0	6.0	8.0	1.0	0.0	0.0	0.0	0.0
34789	3.0	1.0	1.0	0.0	2.0	7.0	1.0	0.0	0.0	1.0	2.0	0.0	0.0	0.0
4303849	0.0	0.0	1.0	0.0	0.0	0.0	1.0	0.0	0.0	0.0	0.0	0.0	0.0	0.0
513208	1.0	0.0	0.0	0.0	0.0	0.0	91.0	1.0	0.0	0.0	0.0	0.0	0.0	0.0
1646255	0.0	0.0	0.0	0.0	0.0	0.0	0.0	1.0	1.0	0.0	0.0	0.0	0.0	0.0
1127702	1.0	0.0	0.0	1.0	0.0	0.0	0.0	0.0	0.0	0.0	0.0	0.0	0.0	0.0
149744	40.0	22.0	25.0	18.0	25.0	51.0	4.0	123.0	54.0	53.0	17.0	7.0	16.0	6.0
296649	2.0	0.0	13.0	0.0	5.0	4.0	0.0	0.0	0.0	0.0	21.0	0.0	0.0	0.0
355424	0.0	0.0	0.0	0.0	0.0	0.0	0.0	1.0	0.0	0.0	0.0	0.0	0.0	0.0
4352318	0.0	0.0	0.0	0.0	0.0	0.0	0.0	0.0	0.0	0.0	0.0	0.0	0.0	1.0
623204	0.0	0.0	0.0	0.0	0.0	0.0	0.0	0.0	0.0	0.0	0.0	0.0	0.0	1.0
205781	0.0	0.0	0.0	0.0	0.0	2.0	0.0	1.0	1.0	0.0	0.0	0.0	0.0	0.0
4439440	0.0	0.0	0.0	2.0	0.0	0.0	0.0	0.0	0.0	0.0	0.0	0.0	0.0	1.0
199279	0.0	0.0	3.0	0.0	2.0	0.0	0.0	3.0	0.0	0.0	0.0	0.0	0.0	0.0
361398	1.0	0.0	2.0	0.0	0.0	1.0	11.0	2.0	0.0	0.0	0.0	0.0	0.0	0.0
4438608	1.0	0.0	0.0	174.0	0.0	0.0	0.0	0.0	0.0	0.0	0.0	0.0	2.0	108.0
