# Constructed from biom file
#OTU ID	WDG002	WDG018	WDG033	WDG040	WDG058	WDG127	WDG132	WDG154	WDG004	WDG027	WDG092	WDG028	WDG048	WDG140	WDG146	WDG087
366623	7.0	4.0	29.0	8.0	17.0	2.0	2.0	2.0	0.0	0.0	0.0	0.0	0.0	0.0	0.0	0.0
346085	0.0	0.0	0.0	9.0	0.0	0.0	0.0	0.0	0.0	0.0	0.0	0.0	0.0	0.0	0.0	0.0
145754	220.0	22.0	204.0	221.0	4099.0	27.0	2884.0	626.0	617.0	116.0	771.0	10.0	11.0	10.0	39.0	2.0
290588	0.0	0.0	0.0	34.0	0.0	0.0	0.0	0.0	0.0	0.0	0.0	0.0	0.0	0.0	0.0	0.0
43373	1.0	3.0	0.0	0.0	0.0	0.0	0.0	0.0	0.0	0.0	0.0	0.0	5.0	0.0	0.0	0.0
4380358	0.0	0.0	0.0	0.0	0.0	0.0	0.0	0.0	0.0	0.0	0.0	0.0	0.0	0.0	4.0	0.0
509433	0.0	3.0	0.0	0.0	0.0	2.0	0.0	0.0	0.0	0.0	0.0	2.0	0.0	2.0	0.0	0.0
337735	0.0	0.0	0.0	0.0	0.0	1.0	0.0	0.0	0.0	0.0	0.0	0.0	0.0	0.0	0.0	1.0
813781	0.0	0.0	0.0	4.0	0.0	0.0	0.0	0.0	0.0	0.0	0.0	0.0	0.0	0.0	0.0	0.0
577110	0.0	0.0	0.0	0.0	0.0	0.0	6.0	0.0	0.0	0.0	0.0	0.0	0.0	0.0	0.0	0.0
748537	0.0	0.0	0.0	2.0	0.0	0.0	0.0	0.0	0.0	0.0	0.0	0.0	0.0	0.0	0.0	3.0
193894	1.0	0.0	0.0	0.0	0.0	0.0	0.0	0.0	0.0	0.0	0.0	0.0	0.0	0.0	0.0	0.0
193895	2.0	5.0	0.0	4.0	25.0	1.0	3.0	4.0	1.0	0.0	4.0	0.0	9.0	0.0	0.0	0.0
1110988	538.0	0.0	2.0	0.0	0.0	0.0	0.0	2.0	0.0	0.0	0.0	0.0	0.0	0.0	0.0	0.0
593422	0.0	0.0	0.0	0.0	0.0	0.0	0.0	0.0	0.0	0.0	0.0	0.0	0.0	0.0	3.0	17.0
791973	0.0	0.0	0.0	2.0	0.0	0.0	0.0	0.0	0.0	0.0	0.0	0.0	0.0	0.0	0.0	0.0
187248	1.0	5.0	1.0	1.0	7.0	6.0	4.0	478.0	0.0	0.0	3.0	1.0	16.0	1.0	1.0	0.0
292428	0.0	0.0	0.0	259.0	1.0	0.0	0.0	0.0	0.0	0.0	0.0	0.0	0.0	0.0	2.0	6.0
4446547	0.0	0.0	0.0	0.0	0.0	0.0	0.0	0.0	2.0	0.0	0.0	0.0	44.0	0.0	0.0	0.0
807035	0.0	0.0	0.0	25.0	0.0	0.0	0.0	0.0	0.0	0.0	0.0	0.0	0.0	0.0	0.0	0.0
316598	0.0	0.0	0.0	1.0	0.0	0.0	0.0	2.0	0.0	0.0	0.0	0.0	0.0	0.0	0.0	0.0
327672	16.0	2.0	7.0	6.0	23.0	145.0	104.0	8.0	2.0	11.0	24.0	4.0	4.0	0.0	14.0	10.0
327176	0.0	0.0	0.0	1.0	1.0	0.0	1.0	0.0	0.0	1.0	0.0	0.0	1.0	0.0	0.0	0.0
531582	59.0	1.0	27.0	23.0	4.0	16.0	68.0	90.0	0.0	3.0	15.0	5.0	1.0	3.0	47.0	543.0
529506	0.0	0.0	1.0	0.0	4.0	0.0	0.0	8.0	0.0	0.0	10.0	1.0	0.0	0.0	0.0	0.0
720949	0.0	0.0	0.0	1.0	0.0	0.0	0.0	0.0	0.0	0.0	0.0	0.0	0.0	0.0	0.0	0.0
181768	0.0	0.0	27.0	4.0	94.0	0.0	10.0	92.0	0.0	2.0	0.0	4.0	0.0	0.0	0.0	0.0
4362724	0.0	0.0	1.0	0.0	1.0	0.0	4.0	0.0	0.0	0.0	0.0	0.0	0.0	0.0	0.0	0.0
258980	0.0	0.0	0.0	0.0	0.0	0.0	0.0	0.0	0.0	1.0	0.0	0.0	0.0	0.0	0.0	0.0
17652	0.0	0.0	0.0	37.0	0.0	0.0	0.0	0.0	0.0	0.0	0.0	0.0	0.0	0.0	1.0	7.0
308974	0.0	0.0	0.0	0.0	0.0	0.0	0.0	0.0	0.0	0.0	0.0	2.0	2.0	0.0	0.0	0.0
554303	1.0	1.0	0.0	0.0	2.0	0.0	0.0	91.0	0.0	4.0	0.0	3.0	1.0	0.0	0.0	1.0
4388068	0.0	0.0	0.0	0.0	0.0	0.0	0.0	0.0	0.0	0.0	0.0	0.0	0.0	0.0	3.0	0.0
312588	0.0	0.0	0.0	1.0	2.0	4.0	1.0	27.0	0.0	0.0	1.0	0.0	0.0	1.0	3.0	6.0
446153	5.0	22.0	17.0	1.0	0.0	8.0	7.0	3.0	9.0	0.0	0.0	3.0	24.0	0.0	1.0	2.0
345944	5.0	0.0	1.0	0.0	0.0	0.0	0.0	0.0	0.0	0.0	0.0	0.0	0.0	0.0	0.0	0.0
593347	30.0	0.0	2.0	2.0	20.0	2.0	44.0	16.0	1.0	1.0	17.0	0.0	0.0	0.0	0.0	0.0
295086	0.0	0.0	0.0	2.0	0.0	0.0	0.0	0.0	0.0	0.0	0.0	0.0	0.0	0.0	10.0	52.0
167609	0.0	0.0	0.0	0.0	1.0	4.0	0.0	0.0	0.0	0.0	0.0	17.0	0.0	2.0	1.0	3.0
575419	0.0	0.0	0.0	2.0	0.0	0.0	0.0	0.0	0.0	0.0	0.0	0.0	0.0	0.0	0.0	0.0
312347	0.0	0.0	0.0	0.0	0.0	2.0	0.0	0.0	0.0	0.0	0.0	0.0	0.0	0.0	0.0	0.0
340614	13.0	0.0	0.0	8981.0	0.0	0.0	0.0	0.0	0.0	0.0	2.0	0.0	0.0	2.0	36.0	3066.0
289559	0.0	4.0	0.0	0.0	0.0	7.0	0.0	0.0	0.0	0.0	0.0	1.0	0.0	1.0	0.0	0.0
356394	252.0	36.0	19.0	82.0	487.0	253.0	97.0	4.0	40.0	15.0	137.0	15.0	33.0	43.0	25.0	7.0
186984	2.0	1.0	0.0	0.0	0.0	0.0	0.0	0.0	0.0	0.0	0.0	1.0	0.0	0.0	0.0	0.0
297065	0.0	0.0	0.0	0.0	0.0	4.0	0.0	0.0	0.0	0.0	0.0	0.0	0.0	0.0	0.0	0.0
361966	0.0	0.0	0.0	0.0	0.0	0.0	0.0	0.0	0.0	0.0	0.0	0.0	0.0	0.0	1.0	0.0
149226	96.0	20.0	10.0	9.0	32.0	861.0	528.0	7.0	8.0	6.0	72.0	8.0	3.0	16.0	36.0	5.0
848615	0.0	0.0	0.0	0.0	0.0	2.0	0.0	0.0	0.0	0.0	0.0	0.0	0.0	0.0	0.0	0.0
273681	0.0	0.0	0.0	0.0	0.0	0.0	0.0	4.0	1.0	0.0	0.0	0.0	0.0	0.0	0.0	0.0
355785	0.0	0.0	0.0	280.0	0.0	0.0	0.0	0.0	0.0	0.0	0.0	0.0	0.0	0.0	0.0	7.0
4472130	0.0	2.0	0.0	0.0	4.0	0.0	0.0	10.0	0.0	0.0	2.0	1.0	2.0	1.0	0.0	0.0
64192	2.0	0.0	0.0	129.0	0.0	0.0	0.0	0.0	0.0	0.0	0.0	0.0	0.0	0.0	0.0	30.0
4469164	1.0	0.0	0.0	0.0	0.0	4.0	0.0	25.0	0.0	0.0	0.0	0.0	0.0	0.0	0.0	0.0
249776	0.0	0.0	0.0	0.0	0.0	58.0	0.0	0.0	0.0	0.0	0.0	0.0	0.0	0.0	0.0	0.0
997777	7.0	50.0	0.0	7.0	139.0	4.0	1.0	12.0	50.0	11.0	31.0	3.0	18.0	1.0	0.0	2.0
4346168	0.0	0.0	0.0	0.0	1.0	0.0	0.0	3.0	0.0	0.0	0.0	1.0	0.0	0.0	0.0	0.0
196898	0.0	0.0	0.0	0.0	6.0	0.0	0.0	27.0	0.0	0.0	0.0	0.0	0.0	0.0	0.0	0.0
349129	0.0	0.0	0.0	3.0	0.0	0.0	0.0	0.0	0.0	0.0	0.0	0.0	0.0	0.0	0.0	0.0
138197	8.0	1.0	12.0	2.0	21.0	9.0	66.0	0.0	0.0	0.0	18.0	2.0	5.0	1.0	53.0	5.0
341969	15.0	0.0	13.0	0.0	6.0	0.0	0.0	0.0	0.0	0.0	2.0	0.0	0.0	0.0	0.0	0.0
229874	0.0	0.0	0.0	0.0	0.0	0.0	0.0	0.0	0.0	1.0	0.0	0.0	0.0	0.0	0.0	0.0
342213	12.0	0.0	6.0	0.0	0.0	0.0	0.0	0.0	0.0	0.0	1.0	0.0	0.0	0.0	0.0	1.0
298486	1.0	0.0	5.0	11.0	0.0	0.0	0.0	0.0	0.0	1.0	0.0	0.0	0.0	0.0	0.0	0.0
961009	0.0	0.0	0.0	0.0	0.0	0.0	0.0	0.0	0.0	0.0	0.0	0.0	0.0	0.0	2.0	18.0
370217	0.0	0.0	0.0	0.0	0.0	0.0	0.0	0.0	0.0	0.0	0.0	0.0	0.0	0.0	25.0	0.0
194082	0.0	0.0	0.0	0.0	0.0	0.0	1.0	0.0	0.0	0.0	29.0	0.0	0.0	0.0	0.0	0.0
341007	0.0	0.0	0.0	0.0	0.0	1.0	0.0	0.0	0.0	0.0	0.0	0.0	0.0	0.0	0.0	0.0
176666	0.0	0.0	0.0	0.0	0.0	0.0	0.0	5.0	0.0	0.0	0.0	0.0	0.0	0.0	0.0	0.0
299879	3.0	15.0	1.0	0.0	5.0	0.0	2.0	0.0	0.0	1.0	1.0	0.0	22.0	0.0	0.0	1.0
294791	0.0	0.0	0.0	0.0	0.0	1.0	0.0	0.0	0.0	0.0	0.0	0.0	0.0	0.0	0.0	0.0
300102	0.0	0.0	1.0	2.0	0.0	0.0	0.0	0.0	0.0	3.0	0.0	0.0	0.0	0.0	0.0	0.0
188789	0.0	0.0	1.0	0.0	7.0	1.0	3.0	0.0	0.0	0.0	0.0	0.0	0.0	0.0	2.0	0.0
531038	2.0	0.0	1.0	1.0	0.0	0.0	0.0	3.0	0.0	0.0	0.0	0.0	0.0	0.0	0.0	0.0
782953	0.0	0.0	0.0	4.0	0.0	0.0	1.0	0.0	0.0	0.0	0.0	0.0	0.0	0.0	0.0	2.0
843442	4.0	0.0	1.0	1.0	1.0	0.0	80.0	0.0	0.0	0.0	0.0	0.0	0.0	3.0	9.0	0.0
344155	0.0	0.0	0.0	0.0	0.0	0.0	0.0	0.0	0.0	1.0	0.0	0.0	0.0	0.0	0.0	0.0
301677	4.0	0.0	0.0	18.0	0.0	0.0	0.0	0.0	0.0	0.0	0.0	0.0	0.0	0.0	0.0	0.0
562244	0.0	0.0	0.0	0.0	0.0	0.0	0.0	7.0	0.0	0.0	4.0	0.0	1.0	0.0	0.0	0.0
520083	0.0	0.0	0.0	2.0	0.0	0.0	0.0	0.0	0.0	0.0	1.0	0.0	0.0	0.0	0.0	0.0
347375	0.0	0.0	0.0	0.0	0.0	0.0	4.0	0.0	0.0	0.0	41.0	0.0	0.0	0.0	0.0	0.0
296038	0.0	0.0	0.0	0.0	0.0	4.0	0.0	0.0	0.0	0.0	0.0	0.0	0.0	0.0	2.0	0.0
301472	5.0	0.0	0.0	250.0	0.0	0.0	0.0	0.0	0.0	0.0	0.0	0.0	0.0	0.0	0.0	19.0
4319637	0.0	0.0	1.0	3.0	0.0	0.0	0.0	0.0	0.0	0.0	0.0	0.0	0.0	0.0	0.0	0.0
629291	0.0	0.0	0.0	18.0	0.0	0.0	0.0	0.0	0.0	0.0	0.0	0.0	0.0	0.0	8.0	25.0
190856	0.0	0.0	1.0	0.0	0.0	0.0	0.0	2.0	0.0	0.0	0.0	0.0	0.0	0.0	0.0	0.0
709657	0.0	0.0	0.0	0.0	0.0	0.0	0.0	2.0	0.0	0.0	0.0	0.0	0.0	0.0	0.0	0.0
179644	0.0	0.0	0.0	0.0	0.0	13.0	0.0	0.0	0.0	0.0	0.0	0.0	0.0	0.0	0.0	0.0
229088	0.0	0.0	0.0	0.0	0.0	0.0	6.0	0.0	0.0	0.0	0.0	0.0	0.0	0.0	0.0	0.0
520931	8.0	0.0	2.0	0.0	9.0	0.0	42.0	3.0	0.0	1.0	0.0	0.0	0.0	0.0	0.0	0.0
3584772	1.0	0.0	3.0	0.0	0.0	0.0	9.0	0.0	0.0	0.0	1.0	0.0	0.0	0.0	33.0	28.0
324112	4.0	19.0	1.0	2.0	46.0	9.0	5.0	3.0	1.0	3.0	71.0	6.0	4.0	0.0	1.0	0.0
555945	0.0	0.0	0.0	0.0	0.0	0.0	0.0	0.0	0.0	1.0	0.0	0.0	0.0	0.0	0.0	0.0
302426	1.0	0.0	2.0	0.0	0.0	0.0	1.0	0.0	0.0	0.0	0.0	0.0	0.0	0.0	0.0	0.0
298553	3.0	0.0	2.0	0.0	0.0	0.0	0.0	1.0	0.0	1.0	7.0	2.0	14.0	0.0	1.0	0.0
574102	0.0	0.0	0.0	0.0	0.0	0.0	0.0	0.0	0.0	0.0	0.0	0.0	1.0	0.0	0.0	0.0
530629	0.0	0.0	0.0	0.0	0.0	0.0	324.0	0.0	0.0	0.0	0.0	0.0	0.0	1.0	0.0	0.0
358712	7.0	0.0	11.0	0.0	1.0	0.0	0.0	0.0	1.0	0.0	0.0	1.0	0.0	0.0	0.0	0.0
360985	39.0	0.0	0.0	0.0	3.0	3.0	4.0	303.0	0.0	0.0	2.0	0.0	3.0	0.0	0.0	4.0
178213	0.0	0.0	0.0	0.0	0.0	0.0	6.0	0.0	0.0	0.0	0.0	0.0	0.0	0.0	0.0	0.0
189887	0.0	0.0	0.0	0.0	0.0	1.0	0.0	0.0	0.0	0.0	0.0	0.0	0.0	0.0	0.0	0.0
759415	0.0	0.0	1.0	0.0	0.0	0.0	0.0	0.0	0.0	0.0	0.0	0.0	0.0	0.0	0.0	0.0
276481	0.0	0.0	0.0	0.0	0.0	0.0	0.0	0.0	0.0	0.0	0.0	0.0	0.0	0.0	4.0	0.0
4440944	0.0	0.0	0.0	0.0	0.0	0.0	0.0	0.0	0.0	0.0	0.0	0.0	0.0	0.0	0.0	28.0
152580	0.0	0.0	0.0	0.0	0.0	0.0	0.0	0.0	0.0	0.0	0.0	1.0	0.0	0.0	0.0	0.0
179499	0.0	0.0	0.0	0.0	0.0	0.0	3.0	0.0	0.0	0.0	0.0	0.0	0.0	0.0	0.0	0.0
1131894	0.0	0.0	0.0	0.0	2.0	0.0	0.0	1.0	0.0	0.0	0.0	0.0	0.0	0.0	0.0	0.0
763985	0.0	0.0	0.0	9.0	0.0	0.0	0.0	158.0	0.0	0.0	1.0	0.0	0.0	0.0	0.0	0.0
115099	1.0	0.0	0.0	0.0	0.0	0.0	0.0	0.0	0.0	0.0	0.0	0.0	0.0	0.0	0.0	15.0
148459	131.0	138.0	358.0	84.0	471.0	6.0	96.0	2.0	31.0	7.0	29.0	18.0	17.0	1.0	6.0	2.0
196392	0.0	0.0	0.0	0.0	6.0	0.0	0.0	0.0	0.0	0.0	0.0	0.0	0.0	0.0	0.0	0.0
518820	0.0	2.0	0.0	0.0	0.0	0.0	0.0	0.0	0.0	0.0	0.0	0.0	0.0	0.0	0.0	0.0
358410	0.0	0.0	0.0	0.0	0.0	0.0	0.0	0.0	0.0	0.0	0.0	0.0	0.0	774.0	1014.0	1.0
617806	0.0	0.0	2.0	0.0	0.0	0.0	3.0	0.0	0.0	0.0	1.0	2.0	0.0	0.0	0.0	0.0
349783	0.0	0.0	0.0	1.0	2.0	0.0	0.0	0.0	0.0	0.0	2.0	0.0	0.0	0.0	0.0	0.0
341777	0.0	1.0	0.0	0.0	0.0	1.0	0.0	0.0	0.0	0.0	0.0	0.0	0.0	0.0	1.0	1.0
4477719	0.0	0.0	0.0	0.0	0.0	0.0	0.0	0.0	0.0	0.0	0.0	0.0	0.0	0.0	0.0	3.0
340995	0.0	0.0	0.0	11.0	1.0	0.0	0.0	0.0	0.0	0.0	0.0	0.0	5.0	0.0	4.0	0.0
319709	0.0	0.0	0.0	0.0	0.0	0.0	0.0	1.0	0.0	0.0	0.0	0.0	0.0	0.0	0.0	0.0
296086	0.0	0.0	0.0	0.0	1.0	0.0	0.0	0.0	0.0	0.0	0.0	0.0	0.0	0.0	0.0	0.0
434336	0.0	0.0	4.0	0.0	2.0	13.0	1.0	21.0	0.0	0.0	0.0	0.0	0.0	0.0	0.0	0.0
612716	0.0	0.0	0.0	373.0	0.0	0.0	0.0	0.0	0.0	0.0	0.0	0.0	1.0	0.0	6.0	75.0
229348	14.0	0.0	9.0	3.0	39.0	0.0	7.0	59.0	0.0	0.0	1.0	0.0	0.0	0.0	0.0	0.0
299441	0.0	0.0	1.0	1.0	0.0	2.0	1.0	0.0	0.0	0.0	0.0	0.0	0.0	0.0	0.0	0.0
190075	4.0	1.0	0.0	0.0	6.0	0.0	1.0	0.0	0.0	0.0	0.0	0.0	0.0	0.0	0.0	0.0
109193	0.0	0.0	0.0	0.0	1.0	0.0	0.0	0.0	0.0	0.0	0.0	0.0	0.0	0.0	0.0	0.0
321405	0.0	0.0	0.0	16.0	0.0	0.0	0.0	0.0	0.0	0.0	0.0	0.0	0.0	0.0	1.0	20.0
261328	2.0	0.0	0.0	2.0	0.0	6.0	8.0	0.0	0.0	0.0	0.0	1.0	0.0	0.0	0.0	0.0
740305	4.0	0.0	1.0	0.0	0.0	0.0	0.0	0.0	0.0	0.0	0.0	0.0	0.0	3.0	0.0	17.0
355187	0.0	0.0	25.0	0.0	178.0	1.0	20.0	0.0	0.0	0.0	1.0	0.0	19.0	5.0	7.0	0.0
337303	0.0	0.0	0.0	62.0	0.0	0.0	0.0	0.0	0.0	0.0	0.0	0.0	0.0	0.0	0.0	0.0
301554	0.0	0.0	0.0	30.0	0.0	0.0	0.0	0.0	0.0	0.0	0.0	0.0	0.0	0.0	0.0	0.0
302809	5.0	14.0	3.0	12.0	48.0	67.0	5.0	11.0	3.0	0.0	22.0	3.0	2.0	3.0	60.0	1.0
1964005	10.0	117.0	49.0	33.0	188.0	12.0	11.0	12.0	46.0	1.0	4.0	0.0	87.0	14.0	3.0	0.0
365965	0.0	0.0	0.0	0.0	0.0	54.0	0.0	2.0	0.0	0.0	0.0	0.0	0.0	0.0	1.0	0.0
4363269	0.0	0.0	0.0	2.0	0.0	7.0	4.0	0.0	0.0	0.0	0.0	3.0	1.0	2.0	0.0	0.0
784040	11.0	0.0	16.0	4.0	5.0	0.0	0.0	0.0	0.0	0.0	3.0	0.0	1.0	5.0	21.0	0.0
291105	0.0	0.0	0.0	44.0	0.0	0.0	0.0	0.0	0.0	0.0	0.0	0.0	0.0	0.0	0.0	0.0
186020	0.0	0.0	0.0	0.0	0.0	1.0	0.0	0.0	0.0	0.0	0.0	0.0	0.0	0.0	0.0	0.0
290356	0.0	0.0	0.0	1191.0	0.0	0.0	0.0	0.0	0.0	0.0	0.0	0.0	0.0	0.0	72.0	4141.0
803010	0.0	0.0	0.0	0.0	0.0	1.0	0.0	0.0	0.0	0.0	0.0	0.0	0.0	0.0	1.0	0.0
14993	0.0	0.0	0.0	1175.0	0.0	0.0	0.0	0.0	0.0	0.0	0.0	0.0	0.0	0.0	9.0	2026.0
509838	0.0	0.0	0.0	0.0	79.0	3.0	0.0	0.0	0.0	0.0	0.0	0.0	0.0	0.0	0.0	0.0
4377150	0.0	0.0	0.0	0.0	0.0	4.0	0.0	0.0	0.0	0.0	0.0	0.0	0.0	0.0	0.0	0.0
345095	0.0	1.0	0.0	0.0	0.0	0.0	0.0	0.0	0.0	0.0	0.0	0.0	0.0	0.0	0.0	0.0
351927	0.0	0.0	2.0	0.0	0.0	1.0	0.0	0.0	0.0	0.0	0.0	0.0	0.0	0.0	1.0	0.0
552988	0.0	0.0	0.0	0.0	0.0	0.0	10.0	0.0	0.0	0.0	0.0	0.0	0.0	0.0	0.0	1.0
4334844	0.0	0.0	1.0	0.0	2.0	0.0	0.0	0.0	0.0	0.0	2.0	0.0	0.0	0.0	0.0	2.0
535375	0.0	0.0	0.0	0.0	0.0	0.0	0.0	0.0	0.0	0.0	0.0	0.0	0.0	0.0	0.0	1.0
815169	0.0	158.0	8.0	3.0	47.0	18.0	6.0	2.0	5.0	0.0	0.0	5.0	118.0	15.0	1.0	2.0
333387	49.0	0.0	15.0	23.0	0.0	154.0	6.0	0.0	87.0	4.0	9.0	0.0	0.0	33.0	66.0	2.0
150162	8.0	0.0	1.0	9.0	34.0	0.0	13.0	23.0	1.0	1.0	6.0	1.0	5.0	0.0	1.0	6.0
273018	0.0	0.0	0.0	0.0	0.0	0.0	0.0	0.0	0.0	0.0	0.0	0.0	0.0	0.0	1.0	0.0
149856	909.0	578.0	102.0	61.0	1061.0	891.0	328.0	20.0	476.0	29.0	1551.0	36.0	130.0	190.0	1082.0	125.0
641783	0.0	0.0	0.0	0.0	0.0	0.0	0.0	0.0	0.0	0.0	0.0	1.0	0.0	4.0	15.0	0.0
300487	0.0	0.0	3.0	0.0	0.0	1.0	1.0	0.0	0.0	0.0	0.0	0.0	0.0	0.0	0.0	0.0
353149	2.0	0.0	0.0	2.0	0.0	0.0	4.0	5.0	0.0	2.0	0.0	5.0	0.0	0.0	0.0	0.0
1110312	7.0	0.0	0.0	0.0	0.0	0.0	1.0	2.0	0.0	3.0	0.0	23.0	8.0	1.0	5.0	4.0
559659	0.0	0.0	0.0	0.0	0.0	1.0	0.0	0.0	0.0	0.0	0.0	0.0	0.0	0.0	0.0	0.0
529531	0.0	0.0	0.0	0.0	0.0	90.0	0.0	0.0	0.0	0.0	0.0	0.0	0.0	0.0	0.0	0.0
341221	13.0	0.0	2.0	8.0	22.0	1.0	59.0	21.0	0.0	7.0	2.0	1.0	2.0	0.0	0.0	2.0
278650	5.0	0.0	0.0	0.0	1.0	0.0	0.0	0.0	0.0	0.0	27.0	0.0	0.0	0.0	0.0	0.0
308502	0.0	0.0	0.0	0.0	0.0	0.0	0.0	0.0	0.0	1.0	0.0	0.0	0.0	0.0	0.0	0.0
1625448	0.0	0.0	0.0	10.0	0.0	0.0	0.0	0.0	0.0	0.0	0.0	0.0	0.0	0.0	0.0	7.0
168383	14.0	0.0	0.0	7.0	3.0	0.0	0.0	3.0	0.0	0.0	14.0	0.0	15.0	1.0	5.0	10.0
306855	3.0	0.0	0.0	2.0	3.0	5.0	18.0	7.0	0.0	0.0	0.0	0.0	0.0	1.0	23.0	3.0
172163	0.0	0.0	8.0	0.0	183.0	0.0	0.0	0.0	0.0	0.0	9.0	0.0	0.0	0.0	0.0	0.0
4439487	0.0	0.0	0.0	0.0	4.0	1.0	0.0	0.0	0.0	0.0	0.0	0.0	1.0	0.0	0.0	0.0
351744	0.0	0.0	0.0	0.0	0.0	0.0	0.0	1.0	0.0	0.0	0.0	0.0	0.0	0.0	0.0	0.0
4439489	2.0	1.0	0.0	3.0	29.0	0.0	0.0	10.0	1.0	0.0	1.0	1.0	2.0	0.0	0.0	0.0
314204	4.0	9.0	3.0	43.0	43.0	9.0	130.0	18.0	8.0	2.0	2.0	6.0	6.0	1.0	4.0	4.0
295861	3.0	0.0	1.0	0.0	5.0	1.0	7.0	10.0	1.0	1.0	3.0	1.0	2.0	0.0	0.0	0.0
149219	8.0	0.0	4.0	1.0	15.0	11.0	31.0	2.0	3.0	1.0	0.0	2.0	0.0	13.0	41.0	5.0
4435655	4.0	0.0	0.0	0.0	0.0	0.0	0.0	0.0	0.0	0.0	0.0	0.0	0.0	0.0	0.0	0.0
307661	0.0	522.0	0.0	0.0	0.0	0.0	0.0	0.0	0.0	0.0	0.0	92.0	120.0	2.0	1.0	1.0
147484	20.0	0.0	8.0	12.0	2.0	104.0	29.0	0.0	0.0	0.0	8.0	0.0	3.0	10.0	219.0	11.0
581003	80.0	532.0	226.0	81.0	102.0	10.0	40.0	541.0	93.0	59.0	12.0	102.0	155.0	1.0	1.0	2.0
510233	1.0	2.0	0.0	0.0	0.0	6.0	0.0	0.0	0.0	0.0	0.0	0.0	0.0	0.0	0.0	0.0
525474	0.0	0.0	0.0	0.0	3.0	0.0	0.0	0.0	0.0	0.0	0.0	0.0	0.0	0.0	0.0	0.0
330252	1.0	0.0	11.0	0.0	3.0	0.0	1.0	1.0	0.0	0.0	0.0	0.0	0.0	0.0	0.0	0.0
298716	0.0	0.0	0.0	0.0	0.0	0.0	0.0	0.0	0.0	0.0	0.0	0.0	1.0	0.0	0.0	0.0
511229	0.0	0.0	0.0	0.0	0.0	0.0	0.0	1.0	0.0	0.0	0.0	0.0	0.0	2.0	0.0	0.0
197249	0.0	0.0	4.0	0.0	1.0	0.0	0.0	0.0	0.0	0.0	0.0	0.0	0.0	0.0	0.0	0.0
331659	0.0	0.0	0.0	0.0	1.0	0.0	0.0	0.0	0.0	2.0	0.0	0.0	0.0	0.0	0.0	0.0
337345	0.0	0.0	0.0	6.0	0.0	0.0	0.0	0.0	0.0	0.0	0.0	0.0	0.0	0.0	4.0	13.0
766113	1.0	0.0	2.0	4.0	1.0	0.0	1.0	2.0	0.0	0.0	0.0	0.0	0.0	0.0	0.0	0.0
149035	15.0	82.0	3.0	2.0	12.0	18.0	4.0	0.0	1.0	0.0	1.0	0.0	39.0	4.0	1.0	0.0
515638	0.0	0.0	0.0	13.0	0.0	0.0	0.0	0.0	0.0	0.0	0.0	0.0	0.0	0.0	0.0	83.0
291658	28.0	680.0	7.0	37.0	2906.0	5.0	41.0	30.0	1087.0	35.0	62.0	94.0	104.0	2.0	2.0	2.0
923114	0.0	0.0	0.0	0.0	0.0	0.0	0.0	0.0	0.0	0.0	0.0	0.0	1.0	0.0	2.0	24.0
509709	0.0	0.0	0.0	0.0	0.0	0.0	2.0	0.0	0.0	0.0	0.0	1.0	0.0	0.0	0.0	0.0
353214	4.0	3.0	1.0	7.0	17.0	1.0	9.0	15.0	2.0	3.0	1.0	5.0	10.0	2.0	2.0	0.0
146314	0.0	0.0	14.0	0.0	0.0	0.0	0.0	0.0	0.0	0.0	0.0	0.0	0.0	0.0	0.0	79.0
576400	26.0	0.0	5.0	74.0	47.0	0.0	2.0	3.0	0.0	45.0	1.0	4.0	0.0	0.0	1.0	5.0
801579	0.0	0.0	0.0	2.0	0.0	0.0	0.0	0.0	0.0	0.0	0.0	0.0	0.0	0.0	0.0	0.0
235212	0.0	0.0	0.0	0.0	7.0	0.0	2.0	0.0	0.0	0.0	1.0	0.0	1.0	0.0	2.0	0.0
767863	0.0	0.0	1.0	1.0	0.0	0.0	0.0	0.0	0.0	0.0	0.0	0.0	0.0	0.0	0.0	0.0
183620	6.0	0.0	28.0	0.0	0.0	0.0	0.0	0.0	0.0	0.0	0.0	0.0	0.0	0.0	10.0	0.0
254662	0.0	0.0	0.0	26.0	0.0	0.0	0.0	0.0	0.0	0.0	0.0	0.0	0.0	0.0	6.0	57.0
921020	1.0	0.0	0.0	0.0	0.0	2.0	4.0	1.0	0.0	0.0	0.0	0.0	0.0	0.0	3.0	3.0
2063500	0.0	0.0	0.0	0.0	0.0	0.0	1.0	0.0	0.0	0.0	0.0	0.0	0.0	0.0	0.0	0.0
313423	0.0	1.0	0.0	3.0	2.0	1.0	0.0	10.0	0.0	1.0	0.0	6.0	3.0	0.0	0.0	0.0
312743	0.0	0.0	0.0	0.0	0.0	0.0	0.0	0.0	0.0	0.0	0.0	2.0	0.0	0.0	0.0	0.0
560535	0.0	0.0	0.0	0.0	0.0	0.0	0.0	0.0	0.0	0.0	0.0	0.0	0.0	838.0	1157.0	3.0
291421	0.0	0.0	0.0	0.0	0.0	0.0	0.0	0.0	0.0	0.0	0.0	0.0	0.0	0.0	1.0	10.0
531436	1.0	2.0	0.0	0.0	1.0	1.0	4.0	0.0	0.0	1.0	0.0	0.0	1.0	0.0	0.0	1.0
4303423	1.0	0.0	0.0	0.0	0.0	4.0	0.0	0.0	0.0	0.0	0.0	0.0	0.0	0.0	0.0	0.0
321295	0.0	0.0	0.0	0.0	1.0	0.0	0.0	6.0	0.0	1.0	0.0	0.0	0.0	0.0	0.0	0.0
4299664	0.0	0.0	0.0	0.0	0.0	5.0	0.0	0.0	0.0	0.0	0.0	0.0	0.0	0.0	0.0	0.0
345575	0.0	0.0	0.0	0.0	0.0	0.0	0.0	3.0	1.0	0.0	0.0	0.0	0.0	0.0	0.0	0.0
1105552	1.0	0.0	0.0	0.0	9.0	0.0	6.0	50.0	5.0	1.0	0.0	0.0	0.0	0.0	0.0	0.0
337966	0.0	0.0	250.0	11.0	47.0	78.0	0.0	0.0	0.0	0.0	0.0	0.0	0.0	0.0	15.0	0.0
577671	0.0	0.0	0.0	2.0	82.0	0.0	0.0	0.0	0.0	0.0	0.0	0.0	0.0	4.0	14.0	2.0
792407	53.0	1.0	75.0	94.0	260.0	0.0	478.0	60.0	18.0	10.0	52.0	0.0	2.0	0.0	0.0	1.0
309815	23.0	0.0	30.0	27.0	0.0	0.0	25.0	71.0	0.0	0.0	15.0	0.0	0.0	0.0	0.0	2.0
4349261	0.0	4.0	0.0	0.0	0.0	2.0	0.0	1.0	0.0	0.0	0.0	2.0	1.0	3.0	0.0	0.0
4364652	0.0	0.0	1.0	0.0	4.0	0.0	0.0	0.0	0.0	1.0	0.0	0.0	0.0	0.0	0.0	0.0
528362	0.0	3.0	0.0	0.0	7.0	6.0	1.0	47.0	6.0	1.0	0.0	19.0	2.0	1.0	8.0	0.0
369486	2.0	1.0	0.0	0.0	8.0	0.0	0.0	9.0	0.0	2.0	1.0	0.0	0.0	0.0	0.0	0.0
299298	0.0	0.0	0.0	374.0	0.0	0.0	0.0	0.0	0.0	0.0	0.0	0.0	0.0	0.0	1.0	81.0
840961	0.0	0.0	0.0	0.0	0.0	0.0	0.0	0.0	0.0	0.0	0.0	0.0	2.0	0.0	0.0	0.0
326637	0.0	0.0	2.0	0.0	0.0	0.0	0.0	1.0	0.0	0.0	0.0	0.0	1.0	0.0	0.0	0.0
1138331	0.0	0.0	0.0	778.0	0.0	0.0	0.0	0.0	0.0	0.0	0.0	0.0	0.0	0.0	0.0	2831.0
308786	0.0	0.0	0.0	1.0	0.0	0.0	0.0	0.0	0.0	0.0	0.0	0.0	0.0	0.0	0.0	0.0
583134	10.0	4.0	4.0	16.0	20.0	56.0	66.0	16.0	2.0	3.0	18.0	2.0	5.0	2.0	15.0	2.0
4401374	1.0	0.0	0.0	0.0	0.0	0.0	2.0	0.0	0.0	0.0	1.0	0.0	0.0	0.0	0.0	0.0
432444	2.0	0.0	0.0	0.0	12.0	0.0	37.0	0.0	0.0	0.0	0.0	0.0	0.0	0.0	2.0	0.0
332831	0.0	52.0	37.0	0.0	7.0	2.0	4.0	212.0	6.0	0.0	29.0	0.0	150.0	2.0	0.0	5.0
528109	1.0	0.0	1.0	0.0	14.0	0.0	0.0	173.0	0.0	0.0	4.0	5.0	1.0	0.0	0.0	1.0
348824	0.0	0.0	0.0	2.0	0.0	0.0	0.0	0.0	0.0	0.0	0.0	0.0	0.0	0.0	0.0	0.0
73000	10.0	0.0	3.0	0.0	0.0	2.0	14.0	0.0	0.0	0.0	0.0	0.0	0.0	1.0	0.0	0.0
365634	1.0	0.0	0.0	0.0	0.0	3.0	3.0	8.0	0.0	0.0	0.0	0.0	0.0	0.0	0.0	0.0
907096	1.0	0.0	0.0	6.0	13.0	0.0	0.0	1.0	0.0	0.0	0.0	0.0	13.0	1.0	0.0	12.0
342518	0.0	0.0	0.0	0.0	0.0	0.0	0.0	0.0	0.0	0.0	0.0	0.0	0.0	0.0	9.0	0.0
586712	0.0	0.0	0.0	0.0	0.0	0.0	0.0	0.0	0.0	0.0	0.0	0.0	0.0	0.0	1.0	0.0
560906	0.0	0.0	0.0	0.0	0.0	0.0	0.0	0.0	0.0	0.0	0.0	0.0	27.0	0.0	4.0	0.0
3146792	0.0	0.0	0.0	3.0	0.0	0.0	0.0	0.0	2.0	0.0	0.0	0.0	0.0	0.0	0.0	0.0
146867	5.0	1.0	5.0	46.0	1.0	0.0	8.0	5.0	0.0	3.0	41.0	0.0	9.0	0.0	4.0	33.0
913706	0.0	0.0	0.0	0.0	0.0	0.0	0.0	1.0	0.0	0.0	0.0	0.0	0.0	0.0	0.0	0.0
4296764	0.0	0.0	0.0	0.0	0.0	0.0	6.0	0.0	0.0	0.0	0.0	0.0	0.0	0.0	0.0	0.0
846141	0.0	0.0	0.0	0.0	0.0	2.0	0.0	1.0	0.0	0.0	0.0	0.0	0.0	0.0	0.0	0.0
324630	7.0	0.0	0.0	0.0	0.0	0.0	0.0	0.0	0.0	0.0	0.0	0.0	0.0	0.0	0.0	0.0
322505	0.0	0.0	0.0	1.0	0.0	0.0	0.0	0.0	0.0	0.0	0.0	0.0	0.0	0.0	0.0	0.0
150089	258.0	21.0	44.0	16.0	58.0	58.0	199.0	10.0	17.0	15.0	159.0	13.0	17.0	67.0	106.0	2.0
177704	17.0	0.0	0.0	0.0	0.0	28.0	2.0	7.0	36.0	0.0	0.0	0.0	1.0	0.0	1.0	1.0
211750	0.0	0.0	0.0	0.0	0.0	0.0	0.0	0.0	0.0	2.0	1.0	0.0	4.0	0.0	0.0	0.0
147031	1.0	2.0	0.0	14.0	5.0	0.0	0.0	2.0	1.0	3.0	10.0	7.0	1.0	1.0	0.0	2.0
333412	0.0	0.0	1.0	0.0	1.0	13.0	5.0	0.0	0.0	0.0	0.0	0.0	0.0	1.0	82.0	22.0
370154	94.0	0.0	0.0	4.0	1.0	0.0	28.0	30.0	0.0	0.0	3.0	0.0	1.0	0.0	1.0	0.0
874627	0.0	0.0	0.0	0.0	0.0	0.0	12.0	0.0	0.0	0.0	2.0	0.0	3.0	0.0	2.0	0.0
308814	1.0	0.0	4.0	0.0	10.0	0.0	0.0	0.0	1.0	0.0	0.0	0.0	0.0	0.0	0.0	0.0
585480	0.0	0.0	0.0	0.0	6.0	1.0	0.0	13.0	0.0	0.0	11.0	0.0	2.0	0.0	0.0	0.0
302446	0.0	0.0	0.0	0.0	0.0	1.0	0.0	0.0	0.0	0.0	0.0	0.0	0.0	0.0	0.0	0.0
351105	0.0	0.0	0.0	0.0	0.0	2.0	0.0	0.0	0.0	0.0	0.0	1.0	0.0	0.0	1.0	1.0
291596	0.0	0.0	0.0	0.0	0.0	0.0	0.0	42.0	0.0	0.0	0.0	3.0	1.0	0.0	1.0	1.0
148368	0.0	0.0	0.0	0.0	0.0	4.0	0.0	0.0	0.0	0.0	0.0	0.0	0.0	0.0	0.0	0.0
4464969	168.0	36.0	16.0	196.0	453.0	0.0	892.0	78.0	66.0	67.0	605.0	102.0	120.0	23.0	51.0	63.0
343709	1.0	0.0	0.0	0.0	35.0	0.0	0.0	0.0	0.0	0.0	0.0	0.0	0.0	0.0	0.0	0.0
589989	0.0	0.0	0.0	2.0	0.0	0.0	19.0	7.0	0.0	1.0	0.0	0.0	0.0	0.0	0.0	0.0
270649	0.0	1.0	0.0	0.0	0.0	0.0	0.0	0.0	0.0	0.0	0.0	0.0	5.0	0.0	0.0	0.0
573110	0.0	0.0	0.0	0.0	0.0	0.0	0.0	0.0	0.0	0.0	0.0	0.0	2.0	0.0	0.0	0.0
535685	0.0	0.0	0.0	0.0	0.0	0.0	0.0	0.0	0.0	0.0	0.0	0.0	0.0	0.0	0.0	3.0
296960	7.0	2.0	1.0	0.0	4.0	0.0	2.0	5.0	0.0	1.0	0.0	2.0	0.0	0.0	0.0	0.0
359993	6.0	0.0	7.0	4.0	3.0	0.0	2.0	2.0	0.0	1.0	0.0	0.0	0.0	0.0	0.0	0.0
817550	0.0	0.0	0.0	0.0	0.0	0.0	0.0	0.0	0.0	0.0	0.0	0.0	0.0	0.0	9.0	1.0
289632	0.0	9.0	0.0	1.0	4.0	1.0	3.0	0.0	0.0	0.0	1.0	0.0	0.0	0.0	0.0	2.0
631218	0.0	0.0	0.0	0.0	1.0	0.0	13.0	11.0	0.0	0.0	0.0	0.0	0.0	0.0	0.0	0.0
4294834	0.0	0.0	0.0	0.0	3.0	0.0	0.0	0.0	0.0	0.0	0.0	0.0	0.0	0.0	0.0	0.0
326001	0.0	0.0	0.0	0.0	0.0	0.0	1.0	0.0	0.0	0.0	0.0	0.0	0.0	0.0	75.0	0.0
1144764	0.0	0.0	2.0	9.0	105.0	0.0	0.0	0.0	16.0	0.0	0.0	1.0	59.0	0.0	25.0	2.0
527909	0.0	0.0	0.0	0.0	0.0	1.0	0.0	5.0	0.0	0.0	0.0	0.0	0.0	0.0	0.0	1.0
254021	0.0	0.0	0.0	0.0	3.0	0.0	0.0	0.0	0.0	0.0	0.0	0.0	5.0	0.0	0.0	0.0
804526	0.0	0.0	0.0	2.0	0.0	1.0	0.0	0.0	0.0	0.0	0.0	0.0	0.0	0.0	7.0	0.0
660122	0.0	0.0	0.0	0.0	1.0	0.0	0.0	0.0	0.0	0.0	0.0	0.0	0.0	0.0	0.0	0.0
185988	0.0	0.0	0.0	0.0	0.0	4.0	0.0	0.0	0.0	0.0	0.0	0.0	0.0	0.0	0.0	0.0
521033	0.0	0.0	0.0	0.0	0.0	14.0	0.0	0.0	0.0	0.0	0.0	0.0	0.0	0.0	0.0	1.0
300152	1.0	1.0	1.0	0.0	4.0	0.0	4.0	1.0	0.0	0.0	1.0	0.0	0.0	3.0	1.0	0.0
821538	0.0	0.0	0.0	0.0	1.0	0.0	0.0	0.0	0.0	0.0	0.0	0.0	0.0	0.0	0.0	0.0
529780	15.0	0.0	0.0	0.0	0.0	0.0	0.0	7.0	0.0	0.0	0.0	0.0	0.0	0.0	0.0	0.0
708680	0.0	0.0	2.0	0.0	12.0	0.0	0.0	10.0	0.0	1.0	0.0	1.0	4.0	1.0	0.0	0.0
199528	0.0	0.0	0.0	0.0	0.0	0.0	0.0	0.0	0.0	0.0	0.0	0.0	0.0	2.0	0.0	0.0
3838929	0.0	1.0	2.0	1.0	1.0	0.0	1.0	2.0	0.0	0.0	0.0	0.0	1.0	1.0	0.0	2.0
824375	0.0	0.0	0.0	12.0	0.0	0.0	0.0	0.0	2.0	0.0	0.0	0.0	0.0	0.0	0.0	0.0
197539	0.0	0.0	0.0	0.0	0.0	0.0	0.0	0.0	0.0	0.0	0.0	1.0	1.0	0.0	0.0	0.0
554436	1.0	1.0	2.0	1.0	44.0	13.0	7.0	30.0	2.0	0.0	2.0	0.0	3.0	3.0	4.0	2.0
300401	70.0	1.0	6.0	3.0	29.0	59.0	145.0	61.0	2.0	1.0	31.0	3.0	1.0	27.0	9.0	5.0
231752	12.0	0.0	0.0	0.0	17.0	0.0	0.0	9.0	0.0	0.0	0.0	0.0	0.0	0.0	0.0	0.0
342947	44.0	124.0	19.0	11.0	19.0	79.0	51.0	17.0	1.0	1.0	14.0	50.0	7.0	59.0	71.0	32.0
197874	0.0	0.0	0.0	0.0	0.0	0.0	1.0	5.0	0.0	0.0	0.0	0.0	0.0	0.0	0.0	0.0
313452	0.0	0.0	0.0	0.0	0.0	0.0	0.0	0.0	0.0	0.0	0.0	0.0	0.0	0.0	1.0	0.0
779725	0.0	0.0	0.0	27.0	0.0	0.0	0.0	0.0	0.0	0.0	0.0	0.0	1.0	0.0	5.0	17.0
297949	0.0	0.0	0.0	0.0	0.0	0.0	0.0	0.0	0.0	0.0	0.0	0.0	0.0	0.0	0.0	2.0
808372	0.0	1.0	0.0	6.0	2.0	0.0	1.0	0.0	0.0	0.0	0.0	0.0	2.0	0.0	0.0	1.0
299996	14.0	0.0	0.0	466.0	0.0	0.0	0.0	0.0	0.0	0.0	0.0	0.0	0.0	0.0	17.0	180.0
299858	0.0	25.0	0.0	0.0	0.0	0.0	0.0	0.0	0.0	0.0	0.0	4.0	3.0	6.0	2.0	0.0
145292	2.0	59.0	3.0	11.0	3.0	1.0	28.0	0.0	31.0	4.0	6.0	5.0	5.0	0.0	1.0	0.0
342788	28.0	0.0	9.0	11.0	43.0	17.0	69.0	24.0	1.0	8.0	22.0	11.0	4.0	3.0	8.0	12.0
327209	0.0	0.0	0.0	0.0	0.0	0.0	7.0	0.0	0.0	0.0	0.0	0.0	0.0	0.0	0.0	0.0
515299	0.0	0.0	0.0	0.0	0.0	1.0	0.0	0.0	0.0	0.0	0.0	16.0	4.0	2.0	0.0	0.0
301160	0.0	0.0	0.0	54.0	0.0	0.0	0.0	0.0	0.0	0.0	0.0	0.0	0.0	0.0	2.0	4.0
311423	0.0	0.0	0.0	0.0	0.0	0.0	0.0	1.0	0.0	0.0	0.0	0.0	0.0	0.0	0.0	0.0
575844	0.0	0.0	0.0	0.0	0.0	0.0	1.0	6.0	0.0	0.0	0.0	0.0	0.0	0.0	0.0	0.0
292816	0.0	0.0	0.0	0.0	1.0	0.0	0.0	0.0	0.0	0.0	0.0	0.0	0.0	0.0	0.0	0.0
832300	0.0	0.0	0.0	0.0	0.0	0.0	0.0	0.0	0.0	0.0	0.0	0.0	0.0	0.0	1.0	0.0
1043812	1.0	0.0	0.0	0.0	0.0	0.0	0.0	0.0	0.0	0.0	0.0	0.0	0.0	0.0	0.0	0.0
147182	0.0	0.0	0.0	10.0	1.0	0.0	2.0	22.0	1.0	7.0	1.0	4.0	0.0	0.0	4.0	2.0
301655	0.0	6.0	0.0	0.0	0.0	0.0	2.0	7.0	0.0	1.0	8.0	0.0	1.0	0.0	0.0	0.0
701221	0.0	0.0	0.0	0.0	1.0	0.0	0.0	0.0	0.0	0.0	0.0	0.0	0.0	0.0	0.0	0.0
1109395	1.0	0.0	1.0	4.0	1.0	0.0	0.0	1.0	0.0	0.0	0.0	0.0	0.0	0.0	0.0	0.0
104905	0.0	0.0	0.0	1.0	0.0	0.0	0.0	0.0	0.0	0.0	0.0	0.0	0.0	0.0	0.0	0.0
354839	0.0	0.0	0.0	0.0	0.0	0.0	0.0	0.0	0.0	0.0	0.0	0.0	0.0	242.0	388.0	9808.0
530700	0.0	1.0	0.0	0.0	0.0	1.0	0.0	0.0	0.0	0.0	0.0	0.0	0.0	0.0	0.0	0.0
495451	0.0	0.0	1.0	0.0	0.0	0.0	0.0	0.0	0.0	0.0	0.0	0.0	0.0	0.0	0.0	0.0
353155	0.0	0.0	0.0	0.0	0.0	0.0	0.0	0.0	0.0	0.0	0.0	0.0	0.0	0.0	1.0	0.0
197589	0.0	0.0	0.0	0.0	0.0	4.0	0.0	0.0	0.0	0.0	0.0	0.0	0.0	0.0	0.0	0.0
365574	4.0	0.0	0.0	5.0	1.0	6.0	2.0	27.0	0.0	0.0	1.0	1.0	0.0	0.0	8.0	66.0
331863	0.0	0.0	81.0	0.0	0.0	9.0	3.0	0.0	0.0	0.0	0.0	0.0	0.0	0.0	0.0	0.0
310178	0.0	16.0	0.0	0.0	0.0	17.0	0.0	0.0	0.0	0.0	0.0	9.0	43.0	16.0	21.0	18.0
842596	0.0	0.0	0.0	0.0	0.0	3.0	0.0	0.0	0.0	0.0	0.0	0.0	0.0	0.0	0.0	0.0
527762	1.0	0.0	7.0	0.0	24.0	1.0	5.0	6.0	0.0	0.0	5.0	0.0	18.0	2.0	1.0	0.0
301293	0.0	0.0	0.0	0.0	0.0	0.0	0.0	0.0	0.0	0.0	0.0	0.0	0.0	0.0	2.0	143.0
620319	0.0	0.0	0.0	0.0	0.0	0.0	0.0	1.0	0.0	0.0	0.0	0.0	0.0	0.0	0.0	0.0
233623	0.0	0.0	0.0	0.0	1.0	0.0	0.0	0.0	0.0	0.0	0.0	0.0	0.0	0.0	0.0	0.0
798490	0.0	0.0	0.0	12.0	0.0	0.0	0.0	0.0	0.0	0.0	0.0	0.0	0.0	0.0	0.0	194.0
335256	1.0	0.0	0.0	0.0	0.0	0.0	0.0	0.0	0.0	0.0	0.0	0.0	0.0	0.0	0.0	1.0
757005	5.0	0.0	0.0	19.0	0.0	0.0	0.0	0.0	0.0	0.0	0.0	0.0	0.0	0.0	3.0	142.0
583958	4.0	0.0	0.0	0.0	14.0	0.0	0.0	3.0	0.0	1.0	0.0	1.0	0.0	2.0	0.0	0.0
572263	13.0	24.0	9.0	94.0	243.0	169.0	66.0	40.0	2.0	6.0	3.0	5.0	0.0	6.0	8.0	0.0
540055	3.0	0.0	1.0	0.0	4.0	3.0	15.0	15.0	3.0	0.0	1.0	0.0	0.0	2.0	1.0	2.0
191849	0.0	0.0	0.0	0.0	1.0	0.0	0.0	0.0	0.0	0.0	0.0	0.0	0.0	0.0	11.0	33.0
333166	1.0	0.0	2.0	3.0	10.0	0.0	0.0	2.0	1.0	0.0	9.0	1.0	0.0	0.0	1.0	0.0
287826	2.0	0.0	3.0	0.0	0.0	0.0	0.0	0.0	0.0	0.0	0.0	0.0	0.0	0.0	2.0	0.0
165935	0.0	0.0	1.0	0.0	0.0	0.0	6.0	0.0	0.0	0.0	0.0	0.0	0.0	0.0	0.0	0.0
4337622	0.0	0.0	0.0	1.0	0.0	0.0	0.0	0.0	0.0	0.0	0.0	0.0	0.0	0.0	0.0	0.0
749798	0.0	0.0	0.0	1.0	0.0	1.0	2.0	4.0	0.0	0.0	2.0	0.0	0.0	2.0	0.0	10.0
4338990	0.0	0.0	0.0	0.0	0.0	4.0	0.0	0.0	0.0	0.0	0.0	0.0	0.0	0.0	0.0	0.0
470382	18.0	30.0	7.0	61.0	60.0	18.0	145.0	160.0	5.0	0.0	2.0	3.0	49.0	1.0	1.0	2.0
270786	5.0	0.0	0.0	0.0	0.0	0.0	59.0	0.0	0.0	0.0	0.0	0.0	3243.0	0.0	0.0	0.0
294014	0.0	0.0	0.0	304.0	0.0	0.0	0.0	0.0	0.0	0.0	0.0	0.0	0.0	0.0	14.0	91.0
513106	0.0	28.0	0.0	0.0	0.0	0.0	0.0	0.0	0.0	0.0	0.0	7.0	15.0	2.0	2.0	24.0
230132	7.0	0.0	0.0	0.0	127.0	0.0	0.0	0.0	17.0	1.0	0.0	6.0	327.0	2.0	19.0	5.0
321902	1.0	0.0	0.0	0.0	0.0	0.0	1.0	0.0	0.0	0.0	0.0	0.0	0.0	0.0	0.0	0.0
146776	10.0	0.0	1.0	0.0	8.0	4.0	22.0	5.0	1.0	1.0	67.0	7.0	1.0	15.0	5.0	3.0
569719	1.0	0.0	0.0	1.0	0.0	0.0	0.0	0.0	0.0	0.0	0.0	0.0	0.0	0.0	0.0	0.0
370183	24.0	0.0	4.0	11.0	2.0	2.0	13.0	86.0	0.0	0.0	12.0	0.0	0.0	0.0	3.0	7.0
4315787	0.0	0.0	0.0	0.0	0.0	1.0	3.0	0.0	0.0	0.0	0.0	0.0	0.0	0.0	0.0	0.0
206186	7.0	0.0	1.0	3.0	27.0	0.0	13.0	0.0	0.0	0.0	0.0	0.0	0.0	0.0	0.0	0.0
801995	0.0	0.0	0.0	0.0	0.0	0.0	0.0	0.0	0.0	0.0	0.0	0.0	0.0	0.0	5.0	0.0
254376	0.0	0.0	0.0	0.0	0.0	0.0	0.0	10.0	0.0	0.0	0.0	0.0	0.0	0.0	0.0	0.0
747563	0.0	0.0	1.0	0.0	0.0	0.0	0.0	0.0	0.0	0.0	0.0	0.0	0.0	0.0	0.0	0.0
291786	3.0	0.0	0.0	4.0	0.0	0.0	3.0	0.0	0.0	0.0	0.0	0.0	0.0	0.0	0.0	0.0
302877	0.0	0.0	0.0	0.0	0.0	0.0	0.0	0.0	0.0	0.0	0.0	0.0	0.0	0.0	0.0	1.0
369014	0.0	0.0	0.0	1.0	0.0	0.0	0.0	0.0	0.0	0.0	0.0	0.0	0.0	0.0	0.0	0.0
233052	0.0	0.0	0.0	0.0	1.0	0.0	1.0	0.0	1.0	0.0	0.0	0.0	0.0	0.0	0.0	0.0
532188	0.0	0.0	0.0	0.0	0.0	5.0	0.0	0.0	0.0	0.0	0.0	0.0	0.0	0.0	0.0	0.0
344284	0.0	0.0	0.0	0.0	0.0	0.0	77.0	0.0	0.0	0.0	0.0	0.0	0.0	0.0	1.0	1.0
324244	1.0	0.0	3.0	4.0	14.0	0.0	6.0	3.0	0.0	0.0	1.0	0.0	0.0	0.0	0.0	0.0
187492	0.0	21.0	0.0	0.0	0.0	19.0	0.0	0.0	0.0	0.0	0.0	6.0	50.0	19.0	24.0	21.0
4444294	0.0	0.0	0.0	1.0	0.0	0.0	0.0	0.0	0.0	0.0	0.0	0.0	0.0	0.0	0.0	0.0
113235	0.0	7.0	0.0	5.0	0.0	0.0	0.0	1.0	2.0	0.0	18.0	0.0	0.0	2.0	0.0	0.0
4375860	0.0	2.0	0.0	0.0	12.0	0.0	0.0	0.0	0.0	0.0	2.0	0.0	0.0	0.0	0.0	0.0
4318694	0.0	0.0	0.0	0.0	0.0	0.0	0.0	0.0	1.0	0.0	0.0	0.0	0.0	0.0	0.0	0.0
177446	9.0	20.0	15.0	22.0	124.0	0.0	167.0	29.0	26.0	6.0	22.0	3.0	11.0	7.0	3.0	14.0
33112	1.0	0.0	1.0	5.0	99.0	30.0	7.0	37.0	0.0	3.0	4.0	6.0	7.0	1.0	0.0	7.0
4446732	0.0	0.0	0.0	0.0	0.0	0.0	0.0	0.0	0.0	2.0	0.0	0.0	0.0	0.0	0.0	0.0
520320	2.0	0.0	0.0	0.0	0.0	0.0	0.0	0.0	0.0	0.0	0.0	0.0	0.0	0.0	0.0	12.0
336275	1.0	0.0	1.0	0.0	0.0	24.0	1.0	9.0	0.0	0.0	0.0	0.0	0.0	2.0	3.0	8.0
17598	8.0	0.0	0.0	0.0	0.0	0.0	0.0	0.0	0.0	0.0	0.0	0.0	0.0	0.0	0.0	0.0
846477	0.0	0.0	0.0	0.0	0.0	0.0	0.0	1.0	0.0	0.0	0.0	0.0	0.0	0.0	0.0	0.0
345172	0.0	0.0	10.0	2.0	0.0	0.0	1.0	37.0	1.0	0.0	1.0	0.0	1.0	0.0	3.0	0.0
918313	0.0	0.0	0.0	0.0	0.0	3.0	0.0	0.0	0.0	0.0	0.0	0.0	0.0	0.0	0.0	0.0
70137	0.0	0.0	0.0	0.0	0.0	0.0	0.0	0.0	0.0	0.0	0.0	0.0	0.0	0.0	10.0	0.0
350970	2.0	0.0	10.0	3.0	4.0	0.0	1.0	1.0	0.0	1.0	0.0	0.0	0.0	0.0	1.0	0.0
2132002	0.0	0.0	0.0	0.0	0.0	0.0	0.0	0.0	0.0	0.0	0.0	3.0	0.0	0.0	0.0	1.0
307903	0.0	0.0	0.0	0.0	0.0	1.0	0.0	0.0	0.0	0.0	0.0	3.0	0.0	1.0	0.0	0.0
322580	31.0	0.0	13.0	2.0	453.0	98.0	5.0	2.0	60.0	20.0	1.0	13.0	112.0	3.0	14.0	5.0
4406817	1.0	0.0	0.0	0.0	1.0	0.0	0.0	0.0	0.0	0.0	0.0	0.0	0.0	0.0	0.0	0.0
366633	0.0	0.0	0.0	0.0	0.0	1.0	0.0	0.0	0.0	0.0	0.0	0.0	0.0	0.0	3.0	1.0
372213	0.0	0.0	1.0	22.0	0.0	0.0	0.0	0.0	0.0	0.0	0.0	0.0	0.0	45.0	55535.0	8623.0
4406819	1.0	0.0	0.0	0.0	0.0	0.0	0.0	0.0	0.0	0.0	0.0	0.0	0.0	0.0	0.0	0.0
189698	0.0	0.0	0.0	0.0	0.0	1.0	0.0	0.0	0.0	0.0	0.0	0.0	0.0	0.0	0.0	0.0
235127	656.0	8.0	6.0	7.0	14.0	0.0	7.0	1.0	0.0	0.0	120.0	0.0	1.0	319.0	6.0	1.0
182643	1.0	0.0	0.0	0.0	1.0	3.0	0.0	0.0	0.0	1.0	0.0	0.0	0.0	1.0	0.0	0.0
628982	1.0	0.0	0.0	0.0	0.0	0.0	3.0	0.0	0.0	0.0	0.0	0.0	0.0	0.0	0.0	0.0
330285	0.0	0.0	0.0	0.0	2.0	0.0	0.0	0.0	0.0	0.0	0.0	0.0	0.0	0.0	0.0	1.0
529873	0.0	0.0	0.0	0.0	1.0	0.0	3.0	0.0	0.0	1.0	0.0	0.0	0.0	0.0	0.0	0.0
350127	0.0	0.0	0.0	0.0	0.0	0.0	0.0	0.0	0.0	0.0	0.0	0.0	0.0	0.0	5.0	0.0
289686	4.0	0.0	0.0	1980.0	0.0	0.0	0.0	0.0	0.0	0.0	0.0	0.0	0.0	0.0	2.0	22.0
308386	0.0	0.0	0.0	0.0	0.0	2.0	0.0	0.0	0.0	0.0	0.0	0.0	0.0	0.0	0.0	0.0
337167	27.0	9.0	0.0	0.0	0.0	0.0	0.0	4.0	0.0	0.0	10.0	0.0	0.0	0.0	0.0	0.0
1142756	0.0	0.0	0.0	11.0	0.0	0.0	0.0	0.0	0.0	0.0	0.0	0.0	0.0	0.0	0.0	0.0
395587	0.0	6.0	0.0	0.0	0.0	5.0	0.0	0.0	0.0	0.0	0.0	0.0	0.0	0.0	0.0	0.0
709056	0.0	0.0	5.0	0.0	3.0	0.0	0.0	0.0	0.0	0.0	0.0	1.0	2.0	0.0	0.0	0.0
548853	0.0	0.0	0.0	0.0	0.0	0.0	0.0	0.0	0.0	0.0	0.0	0.0	0.0	0.0	1.0	7.0
360253	0.0	0.0	0.0	0.0	0.0	0.0	0.0	0.0	0.0	0.0	0.0	0.0	1.0	0.0	0.0	0.0
4448844	0.0	0.0	0.0	1.0	0.0	0.0	0.0	0.0	0.0	0.0	0.0	0.0	0.0	0.0	0.0	0.0
350052	1.0	0.0	2.0	1.0	1.0	0.0	0.0	1.0	0.0	1.0	0.0	0.0	0.0	0.0	0.0	0.0
843553	0.0	0.0	0.0	0.0	0.0	1.0	0.0	8.0	0.0	0.0	0.0	0.0	3.0	0.0	4.0	0.0
69292	0.0	0.0	0.0	0.0	0.0	0.0	0.0	0.0	0.0	0.0	0.0	0.0	1.0	0.0	0.0	0.0
545339	0.0	0.0	0.0	0.0	0.0	0.0	0.0	0.0	0.0	0.0	0.0	2.0	0.0	0.0	0.0	0.0
4345912	0.0	0.0	0.0	0.0	0.0	0.0	0.0	0.0	0.0	0.0	0.0	0.0	0.0	0.0	0.0	1.0
4352242	0.0	0.0	1.0	0.0	0.0	0.0	0.0	0.0	0.0	0.0	2.0	0.0	0.0	0.0	0.0	0.0
511510	0.0	0.0	0.0	0.0	0.0	1.0	0.0	0.0	0.0	0.0	0.0	46.0	22.0	1.0	0.0	3.0
296374	0.0	0.0	0.0	0.0	0.0	0.0	0.0	1.0	0.0	0.0	0.0	0.0	0.0	0.0	0.0	0.0
592615	0.0	0.0	0.0	0.0	0.0	0.0	0.0	0.0	0.0	0.0	0.0	0.0	0.0	0.0	1.0	0.0
184285	0.0	0.0	0.0	0.0	4.0	0.0	2.0	0.0	0.0	0.0	0.0	0.0	0.0	0.0	0.0	0.0
198826	3.0	0.0	0.0	0.0	0.0	0.0	0.0	0.0	0.0	0.0	0.0	0.0	0.0	0.0	0.0	0.0
279107	0.0	0.0	0.0	0.0	0.0	0.0	3.0	0.0	0.0	0.0	0.0	0.0	0.0	0.0	0.0	0.0
574421	2.0	0.0	0.0	0.0	0.0	0.0	0.0	0.0	0.0	0.0	0.0	0.0	0.0	0.0	0.0	0.0
352081	31.0	10.0	7.0	56.0	410.0	28.0	180.0	48.0	33.0	13.0	58.0	8.0	12.0	3.0	9.0	5.0
515953	0.0	0.0	0.0	59.0	5.0	1.0	0.0	0.0	0.0	0.0	0.0	0.0	0.0	0.0	2.0	0.0
1129069	0.0	0.0	0.0	0.0	0.0	5.0	2.0	0.0	0.0	0.0	0.0	0.0	0.0	0.0	4.0	0.0
218070	0.0	0.0	0.0	8.0	0.0	0.0	0.0	0.0	0.0	0.0	0.0	0.0	0.0	0.0	0.0	0.0
657491	18.0	0.0	1.0	13.0	46.0	0.0	0.0	0.0	0.0	10.0	2.0	4.0	108.0	23.0	1.0	8.0
325910	0.0	0.0	0.0	0.0	0.0	0.0	0.0	8.0	0.0	0.0	0.0	0.0	0.0	0.0	0.0	0.0
537219	0.0	0.0	0.0	1.0	0.0	0.0	10.0	1.0	0.0	0.0	0.0	0.0	0.0	0.0	0.0	0.0
229533	8.0	0.0	0.0	0.0	0.0	3.0	0.0	0.0	0.0	0.0	1.0	0.0	76.0	3.0	4.0	4.0
315958	0.0	0.0	0.0	0.0	0.0	0.0	0.0	0.0	0.0	0.0	0.0	0.0	0.0	0.0	1.0	0.0
157546	0.0	0.0	0.0	0.0	0.0	0.0	0.0	0.0	0.0	2.0	0.0	0.0	0.0	0.0	0.0	0.0
585817	0.0	0.0	0.0	5.0	0.0	0.0	0.0	0.0	0.0	0.0	0.0	0.0	0.0	0.0	0.0	2.0
524848	5.0	1.0	4.0	0.0	4.0	0.0	2.0	3.0	1.0	1.0	0.0	0.0	0.0	0.0	0.0	0.0
341752	0.0	0.0	0.0	0.0	0.0	1.0	0.0	21.0	0.0	0.0	0.0	0.0	0.0	0.0	0.0	0.0
509788	26.0	0.0	21.0	0.0	60.0	26.0	100.0	0.0	0.0	3.0	82.0	2.0	17.0	16.0	67.0	2.0
232800	21.0	0.0	3.0	3.0	6.0	0.0	9.0	40.0	1.0	0.0	34.0	0.0	0.0	0.0	0.0	0.0
367433	0.0	0.0	0.0	0.0	0.0	20.0	0.0	0.0	0.0	0.0	0.0	0.0	0.0	1.0	16.0	0.0
288637	0.0	0.0	0.0	0.0	0.0	0.0	0.0	0.0	0.0	1.0	0.0	0.0	0.0	0.0	0.0	0.0
170834	0.0	0.0	0.0	1.0	0.0	0.0	0.0	2.0	0.0	0.0	0.0	0.0	0.0	0.0	0.0	0.0
365220	0.0	0.0	0.0	0.0	0.0	0.0	0.0	0.0	0.0	1.0	0.0	1.0	0.0	0.0	0.0	3.0
361683	0.0	0.0	0.0	0.0	4.0	1.0	11.0	8.0	0.0	0.0	0.0	0.0	0.0	0.0	3.0	2.0
1016598	0.0	0.0	0.0	0.0	1.0	0.0	1.0	0.0	0.0	0.0	0.0	0.0	0.0	0.0	0.0	0.0
4309760	0.0	69.0	0.0	0.0	2.0	23.0	0.0	1.0	0.0	0.0	0.0	15.0	21.0	2.0	7.0	28.0
148988	0.0	0.0	0.0	0.0	0.0	0.0	0.0	1.0	0.0	0.0	0.0	0.0	0.0	0.0	0.0	0.0
232975	3.0	2.0	0.0	5.0	16.0	1.0	25.0	19.0	0.0	0.0	2.0	0.0	0.0	0.0	0.0	0.0
303066	0.0	0.0	0.0	0.0	0.0	0.0	0.0	0.0	0.0	0.0	0.0	0.0	0.0	0.0	0.0	39.0
289047	2.0	0.0	0.0	813.0	1.0	0.0	0.0	0.0	0.0	0.0	0.0	0.0	0.0	0.0	3.0	43.0
332353	0.0	40.0	0.0	0.0	0.0	0.0	0.0	0.0	0.0	0.0	0.0	119.0	124.0	20.0	76.0	48.0
300613	0.0	0.0	0.0	0.0	0.0	1.0	0.0	0.0	0.0	0.0	0.0	0.0	1.0	0.0	3.0	0.0
1009894	0.0	0.0	0.0	26.0	0.0	0.0	0.0	0.0	0.0	0.0	0.0	0.0	0.0	0.0	0.0	0.0
985239	0.0	0.0	0.0	0.0	0.0	0.0	2.0	0.0	0.0	0.0	0.0	0.0	0.0	0.0	0.0	1.0
299913	0.0	0.0	0.0	0.0	0.0	0.0	0.0	0.0	0.0	0.0	0.0	0.0	0.0	0.0	0.0	5.0
154859	0.0	0.0	0.0	0.0	0.0	2.0	0.0	0.0	0.0	0.0	0.0	0.0	0.0	0.0	0.0	0.0
909065	0.0	0.0	0.0	1.0	1.0	0.0	0.0	12.0	0.0	1.0	2.0	0.0	0.0	0.0	0.0	0.0
334699	2.0	0.0	0.0	1.0	3.0	0.0	7.0	3.0	0.0	1.0	4.0	0.0	0.0	0.0	0.0	0.0
1081348	0.0	0.0	0.0	649.0	0.0	0.0	0.0	0.0	0.0	1.0	0.0	0.0	0.0	0.0	42.0	220.0
295622	0.0	3.0	0.0	0.0	0.0	0.0	0.0	0.0	0.0	0.0	0.0	10.0	7.0	0.0	6.0	1.0
366376	0.0	0.0	0.0	0.0	0.0	0.0	0.0	0.0	0.0	0.0	0.0	0.0	0.0	0.0	3.0	0.0
312766	0.0	0.0	0.0	4.0	0.0	0.0	0.0	0.0	0.0	0.0	0.0	0.0	0.0	0.0	0.0	0.0
1077751	4.0	0.0	0.0	0.0	0.0	0.0	0.0	0.0	0.0	0.0	0.0	0.0	7.0	2.0	0.0	3.0
361619	1.0	1.0	0.0	7.0	1.0	2.0	3.0	15.0	0.0	0.0	9.0	8.0	0.0	1.0	0.0	7.0
321762	0.0	0.0	0.0	0.0	0.0	0.0	1.0	0.0	0.0	0.0	0.0	0.0	0.0	0.0	0.0	0.0
561676	98.0	78.0	18.0	108.0	341.0	167.0	843.0	782.0	71.0	16.0	64.0	21.0	41.0	14.0	39.0	21.0
369602	0.0	0.0	0.0	0.0	0.0	0.0	1.0	0.0	0.0	0.0	0.0	0.0	0.0	0.0	0.0	0.0
188906	0.0	0.0	1.0	2.0	3.0	3.0	0.0	0.0	0.0	0.0	0.0	0.0	0.0	0.0	1.0	0.0
336281	7.0	0.0	0.0	1.0	2.0	0.0	0.0	0.0	0.0	0.0	0.0	0.0	0.0	0.0	0.0	0.0
524457	0.0	0.0	0.0	0.0	0.0	0.0	0.0	0.0	0.0	0.0	0.0	0.0	0.0	0.0	0.0	2.0
297875	0.0	0.0	0.0	12.0	13.0	1.0	0.0	0.0	0.0	0.0	0.0	0.0	0.0	0.0	0.0	0.0
334555	7.0	0.0	2.0	8.0	0.0	0.0	0.0	0.0	0.0	0.0	0.0	0.0	0.0	0.0	13.0	114.0
518743	0.0	0.0	0.0	0.0	0.0	0.0	3.0	4.0	0.0	0.0	1.0	0.0	0.0	0.0	0.0	0.0
1065051	0.0	0.0	0.0	0.0	1.0	0.0	0.0	0.0	0.0	0.0	0.0	0.0	0.0	0.0	0.0	0.0
210262	1.0	3.0	1.0	5.0	1.0	21.0	90.0	5.0	0.0	4.0	0.0	4.0	7.0	0.0	1.0	0.0
363400	4.0	1.0	0.0	0.0	0.0	4.0	5.0	5.0	0.0	0.0	0.0	2.0	1.0	1.0	0.0	0.0
198133	0.0	0.0	1.0	0.0	0.0	2.0	0.0	41.0	0.0	0.0	1.0	0.0	0.0	0.0	0.0	0.0
192419	2.0	0.0	0.0	0.0	0.0	0.0	0.0	1.0	0.0	0.0	0.0	0.0	0.0	60.0	23.0	0.0
320888	5.0	0.0	3.0	2.0	109.0	100.0	0.0	0.0	0.0	0.0	1.0	0.0	1.0	1.0	16.0	7.0
304472	0.0	0.0	0.0	0.0	1.0	0.0	0.0	183.0	1.0	0.0	0.0	0.0	0.0	0.0	0.0	0.0
214450	0.0	0.0	0.0	0.0	0.0	4.0	0.0	0.0	0.0	0.0	0.0	0.0	0.0	0.0	0.0	2.0
149627	0.0	0.0	1.0	17.0	0.0	0.0	3.0	0.0	0.0	0.0	2.0	0.0	0.0	0.0	3.0	0.0
291094	0.0	0.0	0.0	1.0	3.0	0.0	0.0	1.0	0.0	0.0	0.0	0.0	0.0	0.0	0.0	0.0
167910	0.0	0.0	1.0	3.0	0.0	0.0	0.0	0.0	0.0	20.0	0.0	66.0	0.0	0.0	2.0	0.0
2526440	0.0	0.0	0.0	2.0	0.0	0.0	0.0	0.0	0.0	0.0	0.0	0.0	0.0	0.0	0.0	0.0
4478840	121.0	10.0	129.0	36.0	378.0	36.0	467.0	139.0	23.0	40.0	1251.0	91.0	15.0	10.0	111.0	11.0
569210	0.0	0.0	0.0	0.0	0.0	0.0	0.0	0.0	0.0	0.0	0.0	3.0	0.0	0.0	0.0	0.0
357724	0.0	0.0	0.0	0.0	1.0	0.0	1.0	0.0	0.0	0.0	0.0	0.0	0.0	0.0	0.0	0.0
815828	0.0	0.0	0.0	0.0	0.0	0.0	4.0	0.0	0.0	0.0	0.0	0.0	0.0	0.0	0.0	0.0
313089	5.0	6.0	3.0	9.0	30.0	3.0	42.0	9.0	4.0	0.0	13.0	1.0	3.0	0.0	4.0	5.0
817995	0.0	0.0	0.0	1.0	1.0	2.0	0.0	0.0	0.0	0.0	0.0	0.0	0.0	1.0	0.0	0.0
299131	9.0	0.0	15.0	2.0	2.0	0.0	14.0	0.0	0.0	3.0	0.0	0.0	0.0	0.0	0.0	0.0
175376	0.0	0.0	0.0	0.0	0.0	0.0	0.0	0.0	0.0	0.0	0.0	0.0	0.0	0.0	0.0	1.0
211191	0.0	0.0	0.0	0.0	0.0	0.0	0.0	1.0	0.0	0.0	0.0	0.0	0.0	0.0	0.0	0.0
840291	0.0	0.0	0.0	26.0	0.0	0.0	0.0	0.0	0.0	0.0	0.0	0.0	0.0	0.0	0.0	0.0
162867	0.0	0.0	0.0	0.0	0.0	0.0	1.0	0.0	0.0	0.0	0.0	0.0	0.0	0.0	0.0	0.0
584107	1.0	0.0	1.0	0.0	1.0	4.0	7.0	3.0	1.0	0.0	1.0	0.0	1.0	1.0	0.0	1.0
146477	212.0	37.0	9.0	29.0	23.0	3.0	96.0	13.0	41.0	12.0	17.0	17.0	53.0	16.0	7.0	18.0
575589	11.0	92.0	119.0	12.0	158.0	1.0	53.0	1.0	9.0	1.0	0.0	0.0	26.0	0.0	2.0	1.0
617098	227.0	0.0	166.0	120.0	146.0	4.0	191.0	42.0	2.0	21.0	217.0	21.0	11.0	9.0	78.0	69.0
337116	3.0	0.0	0.0	0.0	368.0	0.0	0.0	0.0	0.0	0.0	0.0	0.0	0.0	1.0	1.0	0.0
367947	0.0	0.0	0.0	0.0	0.0	0.0	1.0	1.0	0.0	0.0	0.0	0.0	0.0	0.0	0.0	0.0
367946	0.0	0.0	0.0	0.0	0.0	0.0	1.0	0.0	0.0	0.0	0.0	0.0	0.0	0.0	1.0	0.0
613933	0.0	1.0	0.0	0.0	0.0	10.0	0.0	0.0	0.0	0.0	0.0	3.0	0.0	12.0	5.0	3.0
524444	0.0	0.0	1.0	0.0	0.0	0.0	0.0	0.0	0.0	0.0	0.0	0.0	0.0	0.0	0.0	0.0
1100992	0.0	0.0	1.0	0.0	0.0	0.0	0.0	0.0	0.0	0.0	0.0	0.0	0.0	0.0	2.0	1.0
303320	1.0	0.0	7.0	0.0	12.0	0.0	43.0	0.0	0.0	0.0	1.0	0.0	10.0	1.0	0.0	0.0
759378	0.0	0.0	0.0	1.0	0.0	0.0	0.0	0.0	0.0	0.0	0.0	0.0	0.0	0.0	0.0	9.0
191237	0.0	0.0	0.0	0.0	0.0	0.0	0.0	0.0	0.0	0.0	0.0	0.0	1.0	0.0	0.0	6.0
211354	0.0	0.0	0.0	4.0	1.0	1.0	1.0	9.0	1.0	1.0	0.0	2.0	1.0	0.0	0.0	0.0
529608	0.0	0.0	0.0	0.0	0.0	0.0	1.0	0.0	0.0	0.0	0.0	0.0	0.0	0.0	0.0	0.0
195252	0.0	0.0	0.0	0.0	0.0	0.0	0.0	0.0	0.0	0.0	0.0	0.0	1.0	1.0	6.0	26.0
848084	0.0	0.0	0.0	6.0	0.0	0.0	0.0	0.0	0.0	0.0	0.0	0.0	0.0	0.0	1.0	2.0
548679	0.0	0.0	0.0	4.0	0.0	0.0	0.0	0.0	0.0	0.0	0.0	0.0	0.0	0.0	0.0	0.0
355728	24.0	0.0	20.0	47.0	196.0	0.0	50.0	97.0	44.0	10.0	185.0	0.0	0.0	0.0	0.0	0.0
42395	0.0	0.0	0.0	0.0	0.0	0.0	0.0	0.0	0.0	0.0	1.0	0.0	0.0	0.0	0.0	0.0
608293	0.0	0.0	0.0	0.0	0.0	0.0	0.0	0.0	0.0	0.0	0.0	0.0	0.0	0.0	11.0	5.0
1085703	0.0	0.0	0.0	38.0	0.0	0.0	0.0	0.0	0.0	0.0	0.0	0.0	0.0	0.0	3.0	7.0
359950	0.0	0.0	0.0	0.0	0.0	0.0	2.0	0.0	0.0	0.0	0.0	0.0	0.0	0.0	0.0	0.0
361811	0.0	0.0	0.0	0.0	0.0	0.0	0.0	0.0	0.0	0.0	0.0	0.0	0.0	17.0	62.0	0.0
296941	7.0	0.0	4.0	4.0	13.0	0.0	6.0	23.0	9.0	6.0	3.0	0.0	0.0	0.0	0.0	0.0
305187	1.0	0.0	0.0	0.0	0.0	0.0	0.0	0.0	0.0	0.0	0.0	0.0	0.0	0.0	4.0	0.0
514247	0.0	0.0	0.0	3.0	0.0	0.0	0.0	0.0	0.0	0.0	0.0	0.0	0.0	0.0	2.0	0.0
342380	0.0	0.0	0.0	0.0	0.0	0.0	0.0	0.0	0.0	0.0	0.0	1.0	0.0	0.0	0.0	1.0
34789	6.0	1.0	1.0	4.0	6.0	8.0	6.0	0.0	0.0	0.0	2.0	0.0	2.0	0.0	2.0	0.0
4303849	0.0	0.0	1.0	0.0	7.0	1.0	7.0	0.0	0.0	0.0	0.0	0.0	0.0	0.0	0.0	0.0
330193	0.0	0.0	0.0	0.0	0.0	0.0	0.0	0.0	0.0	0.0	0.0	0.0	0.0	0.0	0.0	2.0
513208	1.0	0.0	0.0	0.0	0.0	0.0	349.0	1.0	0.0	0.0	0.0	0.0	0.0	0.0	0.0	0.0
1646255	0.0	0.0	0.0	1.0	2.0	0.0	1.0	1.0	1.0	0.0	0.0	0.0	0.0	0.0	0.0	0.0
1127702	1.0	0.0	0.0	2.0	0.0	0.0	0.0	0.0	0.0	0.0	0.0	0.0	0.0	0.0	0.0	0.0
149744	87.0	34.0	25.0	125.0	150.0	77.0	11.0	316.0	63.0	79.0	138.0	173.0	31.0	7.0	245.0	88.0
296649	5.0	0.0	13.0	0.0	25.0	5.0	1.0	0.0	0.0	0.0	0.0	1.0	57.0	0.0	16.0	1.0
362965	0.0	0.0	0.0	0.0	0.0	0.0	0.0	0.0	0.0	0.0	1.0	0.0	0.0	0.0	0.0	0.0
185428	0.0	0.0	0.0	0.0	0.0	0.0	0.0	1.0	0.0	0.0	0.0	0.0	0.0	0.0	0.0	0.0
526430	0.0	0.0	0.0	5.0	0.0	0.0	0.0	0.0	0.0	0.0	0.0	0.0	0.0	0.0	0.0	0.0
355424	0.0	0.0	0.0	0.0	0.0	0.0	3.0	6.0	0.0	1.0	0.0	0.0	0.0	0.0	0.0	0.0
333360	0.0	0.0	0.0	0.0	0.0	0.0	0.0	0.0	0.0	1.0	0.0	0.0	0.0	0.0	0.0	0.0
269502	0.0	0.0	0.0	0.0	0.0	0.0	0.0	0.0	0.0	0.0	0.0	0.0	0.0	0.0	0.0	5.0
4352318	0.0	0.0	0.0	0.0	0.0	0.0	0.0	0.0	0.0	0.0	0.0	0.0	0.0	0.0	0.0	7.0
514242	1.0	0.0	0.0	0.0	0.0	0.0	0.0	0.0	0.0	0.0	0.0	0.0	0.0	0.0	0.0	0.0
623204	0.0	0.0	0.0	0.0	0.0	0.0	0.0	0.0	0.0	0.0	0.0	0.0	0.0	0.0	0.0	1.0
205781	0.0	0.0	0.0	2.0	2.0	4.0	3.0	5.0	2.0	0.0	0.0	0.0	0.0	0.0	0.0	0.0
4439440	0.0	0.0	0.0	10.0	0.0	0.0	0.0	0.0	0.0	0.0	0.0	0.0	0.0	0.0	0.0	18.0
199279	0.0	0.0	3.0	0.0	9.0	0.0	0.0	5.0	0.0	0.0	0.0	0.0	0.0	0.0	0.0	0.0
361398	2.0	0.0	2.0	0.0	10.0	1.0	49.0	5.0	0.0	0.0	0.0	0.0	0.0	0.0	1.0	0.0
4438608	1.0	0.0	0.0	1300.0	0.0	0.0	0.0	0.0	0.0	0.0	0.0	0.0	0.0	0.0	19.0	1616.0
531928	0.0	0.0	0.0	0.0	0.0	0.0	1.0	0.0	0.0	0.0	0.0	0.0	0.0	0.0	0.0	0.0
