OTUID	secondB116A	first3A	secondB021A	secondB081A	secondB024A	secondB031A	secondB083A	secondB084A	first18A	first1A	secondB015A	secondB034A	first107A	secondB010A	secondB082A	first39A	first28A	secondB085A	first15A	secondB018A	secondB086A	first37A	secondB003A	first119A	secondB011A	first082A	secondB006A	first10A	first101A	secondB118A	secondB099A	secondB109A	first085A	secondB108A	first6A	first081A	first091A	first120A	secondB025A	secondB007A	secondB001A	first20A	first086A	secondB091A	secondB101A	first099A	secondB119A	secondB120A	first109A	secondB013A	secondB100A	secondB107A	first084A	first116A	first100A	first7A	secondB039A	first34A	secondB098A	first118A	first21A	first25A	first098A	first108A	secondB020A	secondB035A	first11A	secondB028A	first35A	secondB094A	secondB093A	first083A	first094A	first093A	first13A	first24A	first29A	secondB037A	first31A	secondB029A
k__Archaea;p__Crenarchaeota;c__Thaumarchaeota	0.0	0.0	0.0	0.0	0.0	0.0	0.0	0.0	0.0	0.0	0.0	0.0	0.0	0.0	0.0	0.0	0.0	0.0	0.0	0.0	0.0	0.0	0.0	0.0	0.0	0.0	0.0	0.0	0.0	0.0	0.0	0.0	0.0	0.0	0.0	0.0	0.0	0.0	0.0	0.0	0.0	0.0	0.0	0.0	0.0	0.0	6.0	0.0	0.0	0.0	8.0	0.0	0.0	0.0	0.0	0.0	0.0	0.0	0.0	0.0	0.0	0.0	0.0	0.0	0.0	0.0	0.0	0.0	0.0	0.0	0.0	0.0	0.0	0.0	0.0	0.0	0.0	0.0	0.0	0.0
k__Archaea;p__Euryarchaeota;c__Methanobacteria	0.0	0.0	13.0	0.0	0.0	4.0	0.0	0.0	0.0	0.0	0.0	0.0	0.0	0.0	0.0	0.0	0.0	0.0	0.0	38.0	0.0	111.0	0.0	0.0	0.0	0.0	0.0	0.0	0.0	0.0	0.0	0.0	0.0	0.0	0.0	0.0	0.0	0.0	0.0	0.0	0.0	0.0	0.0	0.0	0.0	0.0	0.0	0.0	0.0	0.0	0.0	0.0	0.0	0.0	0.0	0.0	4.0	0.0	0.0	0.0	39.0	0.0	0.0	0.0	0.0	13.0	0.0	0.0	1.0	0.0	0.0	0.0	0.0	0.0	0.0	0.0	0.0	34.0	9.0	0.0
k__Archaea;p__Euryarchaeota;c__Thermoplasmata	0.0	0.0	0.0	0.0	0.0	0.0	0.0	0.0	0.0	0.0	0.0	0.0	0.0	0.0	0.0	0.0	0.0	0.0	0.0	0.0	0.0	0.0	0.0	0.0	0.0	0.0	0.0	0.0	0.0	0.0	0.0	13.0	0.0	0.0	0.0	0.0	0.0	0.0	0.0	0.0	0.0	0.0	0.0	0.0	0.0	0.0	14.0	0.0	0.0	0.0	0.0	0.0	0.0	0.0	0.0	0.0	0.0	0.0	0.0	0.0	0.0	0.0	0.0	0.0	0.0	0.0	0.0	0.0	0.0	0.0	0.0	0.0	0.0	0.0	0.0	0.0	2.0	0.0	0.0	0.0
k__Bacteria;p__Acidobacteria;c__Acidobacteria-6	0.0	0.0	0.0	0.0	0.0	0.0	0.0	0.0	0.0	0.0	0.0	0.0	0.0	0.0	0.0	0.0	0.0	0.0	0.0	0.0	0.0	0.0	0.0	0.0	0.0	0.0	0.0	0.0	0.0	0.0	0.0	0.0	0.0	0.0	0.0	0.0	0.0	0.0	0.0	0.0	0.0	0.0	0.0	0.0	0.0	0.0	0.0	0.0	0.0	0.0	0.0	0.0	0.0	0.0	0.0	0.0	0.0	0.0	0.0	0.0	0.0	0.0	0.0	0.0	2.0	0.0	0.0	0.0	0.0	0.0	0.0	0.0	0.0	0.0	0.0	0.0	0.0	0.0	0.0	0.0
k__Bacteria;p__Acidobacteria;c__DA052	1.0	0.0	0.0	0.0	0.0	0.0	0.0	0.0	0.0	0.0	0.0	0.0	0.0	0.0	0.0	0.0	0.0	0.0	0.0	0.0	0.0	0.0	0.0	0.0	0.0	0.0	0.0	0.0	0.0	0.0	0.0	0.0	0.0	0.0	0.0	0.0	0.0	0.0	0.0	0.0	0.0	0.0	0.0	0.0	0.0	0.0	0.0	0.0	0.0	0.0	0.0	0.0	0.0	0.0	0.0	0.0	0.0	0.0	0.0	0.0	0.0	0.0	0.0	0.0	0.0	0.0	0.0	0.0	0.0	0.0	0.0	0.0	0.0	0.0	0.0	0.0	0.0	0.0	0.0	0.0
k__Bacteria;p__Acidobacteria;c__OS-K	0.0	0.0	0.0	0.0	0.0	0.0	0.0	0.0	0.0	0.0	0.0	0.0	0.0	0.0	0.0	0.0	0.0	0.0	0.0	0.0	0.0	0.0	0.0	0.0	0.0	0.0	0.0	0.0	0.0	0.0	0.0	0.0	0.0	0.0	0.0	0.0	0.0	0.0	0.0	0.0	0.0	0.0	0.0	0.0	0.0	0.0	0.0	0.0	0.0	0.0	1.0	0.0	0.0	0.0	0.0	0.0	0.0	0.0	0.0	0.0	0.0	0.0	0.0	0.0	0.0	0.0	0.0	0.0	0.0	0.0	0.0	0.0	0.0	0.0	0.0	0.0	0.0	0.0	0.0	0.0
k__Bacteria;p__Actinobacteria;c__Acidimicrobiia	0.0	0.0	0.0	0.0	0.0	0.0	0.0	0.0	0.0	0.0	0.0	0.0	0.0	0.0	0.0	0.0	0.0	0.0	0.0	0.0	0.0	0.0	0.0	0.0	0.0	0.0	0.0	0.0	0.0	0.0	0.0	5.0	0.0	0.0	0.0	0.0	0.0	0.0	0.0	0.0	0.0	0.0	0.0	0.0	0.0	0.0	18.0	0.0	0.0	0.0	0.0	0.0	0.0	0.0	0.0	0.0	0.0	0.0	0.0	0.0	0.0	0.0	0.0	0.0	0.0	0.0	0.0	0.0	0.0	0.0	0.0	0.0	0.0	0.0	0.0	0.0	0.0	0.0	0.0	0.0
k__Bacteria;p__Actinobacteria;c__Actinobacteria	1826.0	89.0	152.0	314.0	781.0	2.0	462.0	52.0	33.0	585.0	119.0	457.0	3.0	345.0	14.0	34.0	15.0	26.0	282.0	67.0	524.0	46.0	21.0	449.0	64.0	12.0	34.0	1186.0	603.0	27.0	13780.0	421.0	76.0	33.0	15.0	18.0	29.0	43.0	51.0	50.0	56.0	889.0	27.0	46.0	558.0	209.0	209.0	134.0	200.0	78.0	21.0	180.0	18.0	246.0	101.0	65.0	5.0	8555.0	77.0	4.0	185.0	169.0	117.0	9.0	40.0	2.0	36.0	3.0	4.0	381.0	13.0	375.0	468.0	15.0	102.0	88.0	8.0	48.0	3.0	19.0
k__Bacteria;p__Actinobacteria;c__Coriobacteriia	44.0	346.0	73.0	230.0	12.0	13.0	12.0	37.0	78.0	156.0	34.0	3.0	8.0	50.0	40.0	64.0	13.0	2.0	34.0	97.0	6.0	63.0	9.0	64.0	38.0	25.0	3.0	30.0	11.0	5.0	59.0	67.0	1.0	114.0	13.0	12.0	6.0	44.0	2.0	10.0	43.0	115.0	3.0	7.0	13.0	4.0	13.0	75.0	10.0	19.0	6.0	57.0	7.0	65.0	14.0	14.0	6.0	7.0	8.0	6.0	177.0	5.0	8.0	16.0	16.0	11.0	39.0	7.0	6.0	10.0	1.0	0.0	1.0	8.0	10.0	11.0	15.0	9.0	13.0	9.0
k__Bacteria;p__Bacteroidetes;c__Bacteroidia	4938.0	55512.0	27994.0	22540.0	28913.0	37456.0	57886.0	21620.0	27356.0	9604.0	33537.0	30083.0	14790.0	11871.0	13731.0	18770.0	35189.0	41517.0	42781.0	37594.0	30285.0	22380.0	76008.0	16025.0	48537.0	26626.0	24697.0	14701.0	30715.0	42809.0	31593.0	19788.0	59208.0	28072.0	34661.0	26346.0	23668.0	28690.0	31966.0	29290.0	28698.0	33137.0	26247.0	40628.0	35650.0	21781.0	25145.0	41190.0	21262.0	45639.0	40768.0	20865.0	16268.0	37150.0	22921.0	23566.0	32975.0	30585.0	35992.0	26055.0	47826.0	20962.0	43979.0	14759.0	58642.0	71015.0	27285.0	40361.0	27245.0	31359.0	43162.0	29181.0	34203.0	20567.0	23028.0	15265.0	30220.0	34576.0	27433.0	47476.0
k__Bacteria;p__Bacteroidetes;c__Cytophagia	3.0	0.0	0.0	2.0	0.0	0.0	0.0	0.0	13.0	0.0	1.0	0.0	0.0	1.0	0.0	0.0	0.0	0.0	0.0	0.0	0.0	0.0	0.0	0.0	0.0	0.0	0.0	0.0	0.0	1.0	7.0	2.0	0.0	0.0	0.0	0.0	0.0	0.0	0.0	0.0	0.0	0.0	0.0	0.0	0.0	0.0	1.0	8.0	0.0	0.0	3.0	0.0	0.0	0.0	0.0	0.0	0.0	0.0	0.0	0.0	0.0	0.0	0.0	0.0	0.0	0.0	0.0	0.0	0.0	0.0	0.0	0.0	0.0	0.0	0.0	0.0	0.0	0.0	0.0	0.0
k__Bacteria;p__Bacteroidetes;c__Flavobacteriia	2.0	0.0	0.0	0.0	0.0	0.0	0.0	0.0	16.0	0.0	13.0	0.0	0.0	21.0	0.0	0.0	0.0	0.0	0.0	1.0	0.0	0.0	0.0	0.0	7.0	0.0	0.0	0.0	0.0	56.0	2.0	39.0	0.0	0.0	0.0	0.0	0.0	0.0	0.0	0.0	0.0	5.0	1.0	0.0	0.0	0.0	14.0	7.0	0.0	11.0	3.0	0.0	0.0	0.0	0.0	0.0	0.0	0.0	0.0	0.0	0.0	0.0	0.0	0.0	0.0	0.0	0.0	0.0	0.0	0.0	0.0	0.0	0.0	0.0	0.0	0.0	0.0	0.0	0.0	0.0
k__Bacteria;p__Bacteroidetes;c__Sphingobacteriia	0.0	0.0	0.0	0.0	0.0	0.0	0.0	0.0	0.0	0.0	3.0	0.0	0.0	0.0	0.0	0.0	0.0	0.0	0.0	1.0	0.0	0.0	0.0	0.0	0.0	0.0	0.0	0.0	0.0	1.0	0.0	0.0	0.0	0.0	0.0	0.0	0.0	0.0	0.0	0.0	0.0	0.0	0.0	0.0	0.0	0.0	0.0	0.0	0.0	0.0	0.0	0.0	0.0	0.0	0.0	0.0	0.0	0.0	0.0	0.0	0.0	1.0	0.0	0.0	0.0	0.0	0.0	0.0	0.0	0.0	0.0	0.0	0.0	0.0	0.0	0.0	0.0	0.0	0.0	0.0
k__Bacteria;p__Bacteroidetes;c__[Rhodothermi]	0.0	0.0	0.0	0.0	0.0	0.0	0.0	0.0	0.0	0.0	1.0	0.0	0.0	1.0	0.0	0.0	0.0	0.0	0.0	0.0	0.0	0.0	0.0	0.0	0.0	0.0	0.0	0.0	0.0	0.0	0.0	0.0	0.0	0.0	0.0	0.0	0.0	0.0	0.0	0.0	0.0	0.0	0.0	0.0	0.0	0.0	0.0	0.0	0.0	0.0	0.0	0.0	0.0	0.0	0.0	0.0	0.0	0.0	0.0	0.0	0.0	0.0	0.0	0.0	0.0	0.0	0.0	0.0	0.0	0.0	0.0	0.0	0.0	0.0	0.0	0.0	0.0	0.0	0.0	0.0
k__Bacteria;p__Bacteroidetes;c__[Saprospirae]	0.0	0.0	0.0	0.0	0.0	0.0	0.0	0.0	0.0	0.0	2.0	0.0	0.0	0.0	0.0	0.0	0.0	0.0	0.0	0.0	0.0	0.0	0.0	0.0	2.0	0.0	0.0	0.0	0.0	1.0	0.0	1.0	0.0	0.0	0.0	0.0	0.0	0.0	0.0	0.0	0.0	0.0	0.0	0.0	0.0	0.0	2.0	0.0	0.0	0.0	0.0	0.0	0.0	0.0	0.0	0.0	0.0	0.0	0.0	0.0	0.0	0.0	0.0	0.0	0.0	0.0	0.0	0.0	0.0	0.0	0.0	0.0	0.0	0.0	0.0	0.0	0.0	0.0	0.0	0.0
k__Bacteria;p__Chloroflexi;c__Anaerolineae	0.0	0.0	0.0	0.0	0.0	0.0	0.0	0.0	0.0	0.0	0.0	0.0	0.0	0.0	0.0	0.0	0.0	0.0	0.0	0.0	0.0	0.0	0.0	0.0	0.0	0.0	0.0	0.0	0.0	0.0	0.0	0.0	0.0	0.0	0.0	0.0	0.0	0.0	0.0	0.0	0.0	0.0	0.0	0.0	0.0	0.0	0.0	0.0	0.0	0.0	1.0	0.0	0.0	0.0	0.0	0.0	0.0	0.0	0.0	0.0	0.0	0.0	0.0	0.0	0.0	0.0	0.0	0.0	0.0	0.0	0.0	0.0	0.0	0.0	0.0	0.0	0.0	0.0	0.0	0.0
k__Bacteria;p__Chloroflexi;c__SAR202	0.0	0.0	0.0	0.0	0.0	0.0	0.0	0.0	0.0	0.0	0.0	0.0	0.0	0.0	0.0	0.0	0.0	0.0	0.0	0.0	0.0	0.0	0.0	0.0	0.0	0.0	0.0	0.0	0.0	0.0	0.0	0.0	0.0	0.0	0.0	0.0	0.0	0.0	0.0	0.0	0.0	0.0	0.0	0.0	0.0	0.0	1.0	0.0	0.0	0.0	0.0	0.0	0.0	0.0	0.0	0.0	0.0	0.0	0.0	0.0	0.0	0.0	0.0	0.0	0.0	0.0	0.0	0.0	0.0	0.0	0.0	0.0	0.0	0.0	0.0	0.0	0.0	0.0	0.0	0.0
k__Bacteria;p__Cyanobacteria;c__4C0d-2	0.0	0.0	3271.0	0.0	28.0	0.0	0.0	0.0	2.0	0.0	0.0	1.0	0.0	0.0	0.0	2.0	0.0	0.0	0.0	0.0	0.0	0.0	1.0	0.0	0.0	0.0	14.0	0.0	0.0	0.0	0.0	0.0	0.0	7.0	0.0	0.0	0.0	0.0	0.0	0.0	0.0	0.0	0.0	12.0	0.0	0.0	0.0	0.0	1.0	0.0	0.0	0.0	0.0	0.0	6.0	0.0	0.0	0.0	0.0	0.0	3.0	0.0	0.0	0.0	2.0	0.0	0.0	1.0	0.0	0.0	0.0	0.0	0.0	2.0	0.0	1124.0	15.0	14.0	0.0	2.0
k__Bacteria;p__Cyanobacteria;c__Chloroplast	31.0	1.0	0.0	5.0	2.0	1.0	0.0	0.0	2.0	1.0	4.0	0.0	1.0	3.0	1.0	0.0	0.0	1.0	5.0	0.0	15.0	1.0	1.0	0.0	19.0	1.0	0.0	1.0	96.0	1.0	15.0	4.0	0.0	1.0	0.0	5.0	5.0	0.0	129.0	4.0	12.0	1.0	3.0	1.0	3.0	0.0	23.0	5.0	1.0	2.0	11.0	0.0	0.0	2.0	0.0	0.0	0.0	5.0	1.0	0.0	0.0	7.0	0.0	0.0	1.0	0.0	0.0	0.0	0.0	3.0	1.0	1.0	0.0	1.0	0.0	6.0	4.0	0.0	0.0	0.0
k__Bacteria;p__Cyanobacteria;c__Synechococcophycideae	0.0	0.0	0.0	0.0	0.0	0.0	0.0	0.0	0.0	0.0	0.0	0.0	0.0	0.0	0.0	0.0	0.0	0.0	0.0	0.0	0.0	0.0	0.0	0.0	2.0	0.0	0.0	0.0	0.0	0.0	0.0	26.0	0.0	0.0	0.0	0.0	0.0	0.0	0.0	0.0	0.0	0.0	0.0	0.0	0.0	0.0	25.0	0.0	0.0	0.0	0.0	0.0	0.0	0.0	0.0	0.0	0.0	0.0	0.0	0.0	0.0	0.0	0.0	0.0	0.0	0.0	0.0	0.0	0.0	0.0	0.0	0.0	0.0	0.0	0.0	0.0	0.0	0.0	0.0	0.0
k__Bacteria;p__Deferribacteres;c__Deferribacteres	0.0	0.0	0.0	0.0	0.0	0.0	0.0	0.0	0.0	0.0	0.0	0.0	0.0	0.0	0.0	0.0	0.0	0.0	0.0	0.0	0.0	0.0	0.0	0.0	0.0	0.0	0.0	0.0	0.0	0.0	0.0	0.0	0.0	0.0	0.0	0.0	0.0	0.0	0.0	0.0	0.0	0.0	0.0	0.0	0.0	0.0	0.0	1.0	0.0	0.0	0.0	0.0	0.0	0.0	0.0	0.0	0.0	0.0	0.0	0.0	0.0	0.0	0.0	0.0	0.0	0.0	0.0	0.0	0.0	0.0	0.0	0.0	0.0	0.0	0.0	0.0	0.0	0.0	0.0	0.0
k__Bacteria;p__Firmicutes;c__Bacilli	398.0	215.0	64.0	215.0	243.0	22.0	125.0	71.0	101.0	13459.0	56.0	573.0	4.0	2247.0	4328.0	30.0	4.0	13.0	146.0	48.0	161.0	4930.0	148.0	19.0	1607.0	49.0	74.0	2224.0	28.0	48.0	1236.0	92.0	19.0	24.0	32.0	47.0	21.0	20.0	12.0	217.0	10446.0	277.0	64.0	2.0	35.0	66.0	24.0	85.0	877.0	77.0	21.0	4.0	13.0	52.0	17.0	3863.0	10.0	108.0	18.0	7.0	41.0	12.0	19.0	39.0	182.0	5.0	1351.0	42.0	11.0	125.0	7.0	55.0	26.0	22.0	137.0	106.0	227.0	782.0	11.0	242.0
k__Bacteria;p__Firmicutes;c__Clostridia	32239.0	44689.0	27343.0	41977.0	36568.0	15165.0	28587.0	40138.0	25733.0	29619.0	37258.0	39253.0	11722.0	54430.0	48955.0	23019.0	12746.0	22214.0	42630.0	28782.0	57745.0	17755.0	17276.0	24468.0	26755.0	32605.0	40840.0	29384.0	19704.0	31652.0	35394.0	33793.0	21954.0	17010.0	37967.0	28795.0	25858.0	27291.0	19522.0	46239.0	25267.0	22351.0	30451.0	34909.0	33838.0	17184.0	26198.0	23171.0	16968.0	31891.0	21900.0	25671.0	29128.0	35421.0	15983.0	65478.0	21290.0	74904.0	27618.0	25584.0	45203.0	19308.0	57533.0	11893.0	24358.0	37749.0	16945.0	12235.0	10536.0	23939.0	27045.0	18213.0	9157.0	21144.0	19966.0	29612.0	9426.0	13689.0	14134.0	10084.0
k__Bacteria;p__Firmicutes;c__Erysipelotrichi	128.0	3746.0	89.0	2471.0	239.0	68.0	232.0	330.0	249.0	108.0	200.0	203.0	424.0	339.0	2180.0	532.0	361.0	86.0	144.0	531.0	297.0	632.0	247.0	240.0	130.0	647.0	197.0	174.0	394.0	482.0	120.0	73.0	46.0	937.0	322.0	246.0	284.0	146.0	358.0	522.0	537.0	154.0	230.0	539.0	245.0	88.0	99.0	809.0	71.0	774.0	98.0	16634.0	176.0	377.0	97.0	739.0	157.0	239.0	220.0	298.0	276.0	192.0	112.0	5214.0	14.0	740.0	355.0	136.0	125.0	895.0	92.0	128.0	157.0	77.0	512.0	74.0	229.0	79.0	39.0	78.0
k__Bacteria;p__Fusobacteria;c__Fusobacteriia	110.0	2.0	5.0	4.0	18.0	1.0	8.0	0.0	263.0	30.0	4.0	0.0	0.0	27.0	0.0	9.0	0.0	1.0	0.0	267.0	3.0	24.0	104.0	9.0	5.0	0.0	0.0	18.0	41.0	1.0	5465.0	9880.0	0.0	0.0	1.0	1.0	97.0	1087.0	0.0	22.0	34.0	35.0	6.0	0.0	25.0	12973.0	22.0	344.0	947.0	355.0	21.0	1.0	27.0	654.0	829.0	0.0	16.0	0.0	0.0	0.0	3.0	0.0	0.0	39.0	7.0	1497.0	3.0	1.0	61.0	388.0	5520.0	8.0	7.0	2162.0	835.0	6.0	5.0	9.0	0.0	12.0
k__Bacteria;p__Gemmatimonadetes;c__Gemm-2	0.0	0.0	0.0	0.0	0.0	0.0	0.0	0.0	0.0	0.0	0.0	0.0	0.0	0.0	0.0	0.0	0.0	0.0	0.0	0.0	0.0	0.0	0.0	0.0	0.0	0.0	0.0	0.0	0.0	0.0	0.0	0.0	0.0	0.0	0.0	0.0	0.0	0.0	0.0	0.0	0.0	0.0	0.0	0.0	0.0	0.0	0.0	0.0	0.0	0.0	1.0	0.0	0.0	0.0	0.0	0.0	0.0	0.0	0.0	0.0	0.0	0.0	0.0	0.0	0.0	0.0	0.0	0.0	0.0	0.0	0.0	0.0	0.0	0.0	0.0	0.0	0.0	0.0	0.0	0.0
k__Bacteria;p__Lentisphaerae;c__[Lentisphaeria]	0.0	0.0	0.0	0.0	3.0	0.0	0.0	0.0	0.0	0.0	0.0	0.0	0.0	0.0	0.0	0.0	0.0	0.0	1.0	1.0	0.0	0.0	0.0	0.0	0.0	0.0	0.0	0.0	0.0	0.0	0.0	0.0	0.0	0.0	0.0	0.0	0.0	0.0	0.0	0.0	0.0	0.0	0.0	0.0	0.0	0.0	0.0	0.0	0.0	1.0	0.0	0.0	0.0	0.0	0.0	0.0	0.0	0.0	16.0	0.0	7.0	0.0	16.0	0.0	0.0	37.0	0.0	0.0	3.0	0.0	0.0	0.0	0.0	0.0	0.0	0.0	109.0	3.0	1.0	98.0
k__Bacteria;p__Planctomycetes;c__OM190	0.0	0.0	0.0	0.0	0.0	0.0	0.0	0.0	0.0	0.0	0.0	0.0	0.0	0.0	0.0	0.0	0.0	0.0	0.0	0.0	0.0	0.0	0.0	0.0	0.0	0.0	0.0	0.0	0.0	0.0	0.0	0.0	0.0	0.0	0.0	0.0	0.0	0.0	0.0	0.0	0.0	0.0	0.0	0.0	0.0	0.0	0.0	0.0	0.0	0.0	2.0	0.0	0.0	0.0	0.0	0.0	0.0	0.0	0.0	0.0	0.0	0.0	0.0	0.0	0.0	0.0	0.0	0.0	0.0	0.0	0.0	0.0	0.0	0.0	0.0	0.0	0.0	0.0	0.0	0.0
k__Bacteria;p__Planctomycetes;c__Phycisphaerae	0.0	0.0	0.0	0.0	0.0	0.0	0.0	0.0	2.0	0.0	0.0	0.0	0.0	0.0	0.0	0.0	0.0	0.0	0.0	0.0	0.0	0.0	0.0	0.0	0.0	0.0	0.0	0.0	0.0	0.0	0.0	0.0	0.0	0.0	0.0	0.0	0.0	0.0	0.0	0.0	0.0	0.0	0.0	0.0	0.0	0.0	0.0	0.0	0.0	0.0	2.0	0.0	0.0	0.0	0.0	0.0	0.0	0.0	0.0	0.0	0.0	0.0	0.0	0.0	0.0	0.0	0.0	0.0	0.0	0.0	0.0	0.0	0.0	0.0	0.0	0.0	0.0	0.0	0.0	0.0
k__Bacteria;p__Planctomycetes;c__Planctomycetia	0.0	0.0	0.0	0.0	0.0	0.0	0.0	0.0	0.0	0.0	0.0	0.0	0.0	0.0	0.0	0.0	0.0	0.0	0.0	0.0	0.0	0.0	0.0	0.0	0.0	0.0	0.0	0.0	0.0	0.0	0.0	4.0	1.0	0.0	0.0	0.0	0.0	0.0	0.0	0.0	0.0	0.0	0.0	0.0	0.0	0.0	2.0	0.0	0.0	0.0	1.0	0.0	0.0	0.0	0.0	0.0	0.0	0.0	0.0	0.0	0.0	0.0	0.0	0.0	0.0	0.0	0.0	0.0	0.0	0.0	0.0	0.0	0.0	0.0	0.0	0.0	0.0	0.0	0.0	0.0
k__Bacteria;p__Proteobacteria;c__Alphaproteobacteria	4.0	1.0	1.0	3.0	5.0	0.0	0.0	6.0	13.0	0.0	133.0	1.0	1.0	12.0	1.0	0.0	0.0	0.0	236.0	0.0	2.0	0.0	0.0	0.0	5.0	2.0	0.0	0.0	5.0	12.0	1.0	20.0	0.0	1.0	0.0	1.0	0.0	1.0	5.0	3.0	0.0	3.0	0.0	0.0	0.0	0.0	24.0	2003.0	0.0	9.0	17.0	0.0	0.0	0.0	0.0	0.0	0.0	0.0	0.0	0.0	0.0	1.0	0.0	0.0	0.0	1.0	0.0	0.0	0.0	1.0	0.0	0.0	0.0	93.0	3.0	13.0	1.0	1.0	0.0	1.0
k__Bacteria;p__Proteobacteria;c__Betaproteobacteria	288.0	122.0	1476.0	818.0	567.0	190.0	3423.0	1001.0	1804.0	118.0	1538.0	236.0	256.0	859.0	1859.0	2356.0	592.0	1210.0	1623.0	531.0	1598.0	101.0	267.0	264.0	453.0	1764.0	3243.0	216.0	2444.0	18.0	88.0	2473.0	700.0	542.0	2899.0	1165.0	461.0	1932.0	1349.0	408.0	274.0	151.0	727.0	983.0	9831.0	18.0	769.0	2626.0	113.0	593.0	2567.0	1091.0	557.0	62.0	4508.0	886.0	1642.0	301.0	1814.0	7.0	2197.0	3358.0	2829.0	500.0	86.0	2057.0	1229.0	223.0	160.0	2355.0	3000.0	2512.0	3125.0	4933.0	618.0	217.0	357.0	201.0	258.0	241.0
k__Bacteria;p__Proteobacteria;c__Deltaproteobacteria	2467.0	20.0	45.0	49.0	50.0	270.0	506.0	7.0	530.0	209.0	146.0	0.0	210.0	14.0	0.0	35.0	65.0	127.0	110.0	264.0	0.0	46.0	1.0	177.0	17.0	0.0	567.0	6.0	0.0	1.0	3.0	41.0	117.0	952.0	536.0	0.0	0.0	286.0	220.0	24.0	13.0	1190.0	0.0	6.0	1.0	3.0	97.0	1495.0	80.0	3.0	143.0	202.0	2.0	1268.0	51.0	21.0	183.0	0.0	100.0	2.0	228.0	66.0	235.0	76.0	197.0	267.0	123.0	73.0	49.0	5.0	0.0	65.0	0.0	0.0	0.0	107.0	127.0	128.0	132.0	233.0
k__Bacteria;p__Proteobacteria;c__Epsilonproteobacteria	3.0	0.0	2.0	0.0	3.0	0.0	0.0	0.0	2.0	1.0	10.0	0.0	1.0	11.0	0.0	0.0	0.0	0.0	2.0	18.0	0.0	1.0	2.0	0.0	16.0	0.0	2.0	0.0	0.0	1.0	6.0	0.0	0.0	6.0	0.0	1.0	0.0	0.0	0.0	0.0	21.0	1.0	1.0	0.0	0.0	3.0	0.0	9.0	6.0	46.0	0.0	0.0	0.0	1.0	0.0	0.0	0.0	1.0	0.0	0.0	0.0	1.0	1.0	0.0	0.0	1.0	0.0	1.0	0.0	1.0	0.0	0.0	0.0	0.0	1.0	1.0	3.0	2.0	0.0	1.0
k__Bacteria;p__Proteobacteria;c__Gammaproteobacteria	19107.0	214.0	673.0	530.0	310.0	54.0	3605.0	14302.0	162.0	2914.0	617.0	104.0	22447.0	2094.0	1577.0	129.0	39.0	114.0	1479.0	499.0	28369.0	4231.0	1804.0	21949.0	449.0	81.0	249.0	238.0	102.0	822.0	1969.0	523.0	894.0	28858.0	1677.0	323.0	68.0	356.0	348.0	561.0	2399.0	981.0	1099.0	1019.0	940.0	445.0	35681.0	372.0	2233.0	460.0	1052.0	39347.0	5646.0	1420.0	87.0	225.0	145.0	549.0	265.0	247.0	287.0	271.0	665.0	14460.0	308.0	337.0	400.0	103.0	4747.0	1261.0	1659.0	298.0	202.0	610.0	146.0	107.0	1337.0	5376.0	120.0	5492.0
k__Bacteria;p__SAR406;c__AB16	0.0	0.0	0.0	0.0	0.0	0.0	0.0	0.0	0.0	0.0	0.0	0.0	0.0	0.0	0.0	0.0	0.0	0.0	0.0	0.0	0.0	0.0	0.0	0.0	0.0	0.0	0.0	0.0	0.0	0.0	0.0	0.0	0.0	0.0	0.0	0.0	0.0	0.0	0.0	0.0	0.0	0.0	0.0	0.0	0.0	0.0	4.0	0.0	0.0	0.0	0.0	0.0	0.0	0.0	0.0	0.0	0.0	0.0	0.0	0.0	0.0	0.0	0.0	0.0	0.0	0.0	0.0	0.0	0.0	0.0	0.0	0.0	0.0	0.0	0.0	0.0	0.0	0.0	0.0	0.0
k__Bacteria;p__Synergistetes;c__Synergistia	0.0	0.0	0.0	2.0	0.0	3.0	6.0	3.0	2.0	6.0	0.0	1.0	0.0	3.0	0.0	4.0	0.0	1.0	0.0	34.0	0.0	0.0	0.0	1.0	0.0	0.0	0.0	1.0	0.0	0.0	5.0	0.0	14.0	20.0	0.0	12.0	0.0	1.0	1.0	0.0	0.0	0.0	0.0	0.0	0.0	5.0	8.0	1.0	0.0	1.0	0.0	6.0	8.0	6.0	1.0	0.0	0.0	0.0	0.0	0.0	10.0	0.0	0.0	12.0	0.0	0.0	0.0	0.0	1.0	0.0	0.0	2.0	0.0	0.0	0.0	2.0	5.0	4.0	7.0	3.0
k__Bacteria;p__TM7;c__TM7-3	0.0	0.0	0.0	0.0	0.0	0.0	0.0	0.0	0.0	1.0	0.0	2.0	0.0	1.0	0.0	0.0	0.0	1.0	0.0	0.0	0.0	0.0	0.0	0.0	2.0	0.0	2.0	0.0	0.0	0.0	1.0	0.0	0.0	2.0	0.0	0.0	0.0	0.0	0.0	4.0	0.0	0.0	0.0	0.0	0.0	3.0	0.0	0.0	0.0	0.0	0.0	0.0	0.0	0.0	0.0	2.0	0.0	0.0	0.0	1.0	0.0	0.0	0.0	0.0	0.0	0.0	0.0	0.0	0.0	0.0	0.0	0.0	0.0	1.0	1.0	0.0	0.0	0.0	0.0	0.0
k__Bacteria;p__Tenericutes;c__Mollicutes	0.0	33.0	404.0	0.0	7.0	22.0	0.0	0.0	0.0	452.0	743.0	0.0	0.0	6.0	1.0	1.0	115.0	0.0	135.0	1.0	0.0	31.0	6.0	0.0	1.0	0.0	35.0	13.0	0.0	1.0	0.0	1.0	0.0	0.0	0.0	0.0	5.0	0.0	0.0	0.0	4.0	4.0	1.0	6.0	0.0	1.0	0.0	10.0	0.0	0.0	0.0	0.0	0.0	0.0	1.0	0.0	0.0	9.0	595.0	0.0	730.0	0.0	485.0	0.0	1.0	29.0	0.0	14.0	1.0	0.0	0.0	0.0	0.0	0.0	0.0	323.0	19.0	66.0	48.0	8.0
k__Bacteria;p__Tenericutes;c__RF3	0.0	0.0	0.0	0.0	0.0	0.0	0.0	0.0	0.0	0.0	0.0	0.0	0.0	0.0	0.0	0.0	0.0	0.0	0.0	0.0	0.0	3.0	0.0	0.0	0.0	0.0	0.0	0.0	0.0	0.0	0.0	0.0	0.0	0.0	0.0	0.0	0.0	0.0	0.0	0.0	0.0	0.0	0.0	0.0	0.0	0.0	0.0	0.0	0.0	0.0	0.0	0.0	0.0	0.0	0.0	0.0	0.0	0.0	0.0	0.0	0.0	0.0	0.0	0.0	0.0	0.0	0.0	0.0	0.0	0.0	0.0	0.0	0.0	0.0	0.0	0.0	0.0	4.0	0.0	0.0
k__Bacteria;p__Verrucomicrobia;c__Opitutae	0.0	0.0	0.0	0.0	0.0	0.0	0.0	0.0	0.0	0.0	0.0	0.0	0.0	0.0	0.0	0.0	0.0	0.0	0.0	0.0	0.0	0.0	0.0	0.0	0.0	0.0	0.0	0.0	0.0	0.0	0.0	0.0	0.0	0.0	0.0	0.0	0.0	0.0	0.0	0.0	0.0	0.0	0.0	0.0	0.0	0.0	1.0	0.0	0.0	0.0	0.0	0.0	0.0	0.0	0.0	0.0	0.0	0.0	0.0	0.0	0.0	0.0	0.0	0.0	0.0	0.0	0.0	0.0	0.0	0.0	0.0	0.0	0.0	0.0	0.0	0.0	0.0	0.0	0.0	0.0
k__Bacteria;p__Verrucomicrobia;c__Verrucomicrobiae	1.0	0.0	0.0	0.0	282.0	14.0	0.0	0.0	130.0	31.0	1.0	71.0	0.0	2.0	4.0	13.0	0.0	1675.0	0.0	4578.0	7.0	0.0	1.0	0.0	3.0	39.0	0.0	65.0	0.0	2.0	1.0	6.0	2088.0	0.0	0.0	0.0	74.0	2.0	0.0	0.0	10.0	0.0	7.0	1.0	11.0	0.0	0.0	264.0	9.0	0.0	19.0	0.0	10.0	0.0	12.0	0.0	9.0	0.0	1642.0	0.0	1.0	0.0	1109.0	1.0	0.0	1249.0	0.0	8.0	0.0	0.0	1.0	0.0	0.0	8.0	0.0	3919.0	0.0	0.0	2.0	0.0
k__Bacteria;p__ZB3;c__BS119	0.0	0.0	0.0	0.0	0.0	0.0	0.0	0.0	0.0	0.0	0.0	0.0	0.0	0.0	0.0	0.0	0.0	0.0	0.0	0.0	0.0	0.0	0.0	0.0	0.0	0.0	0.0	0.0	0.0	0.0	0.0	1.0	0.0	0.0	0.0	0.0	0.0	0.0	0.0	0.0	0.0	0.0	0.0	0.0	0.0	0.0	0.0	0.0	0.0	0.0	0.0	0.0	0.0	0.0	0.0	0.0	0.0	0.0	0.0	0.0	0.0	0.0	0.0	0.0	0.0	0.0	0.0	0.0	0.0	0.0	0.0	0.0	0.0	0.0	0.0	0.0	0.0	0.0	0.0	0.0
k__Bacteria;p__[Thermi];c__Deinococci	0.0	0.0	0.0	0.0	0.0	0.0	0.0	0.0	1.0	0.0	0.0	0.0	0.0	0.0	0.0	0.0	0.0	0.0	0.0	0.0	0.0	0.0	0.0	0.0	0.0	0.0	0.0	0.0	0.0	0.0	0.0	0.0	0.0	0.0	0.0	0.0	0.0	0.0	0.0	0.0	0.0	0.0	0.0	0.0	0.0	0.0	0.0	0.0	0.0	1.0	0.0	0.0	0.0	0.0	0.0	0.0	0.0	0.0	0.0	0.0	0.0	0.0	0.0	0.0	0.0	0.0	0.0	0.0	0.0	0.0	0.0	0.0	0.0	0.0	0.0	0.0	0.0	0.0	0.0	0.0